1.000000000000000082e-05 2.000000000000000000e+00
1.011579454259898326e-05 2.000000000000000000e+00
1.023292992280753645e-05 2.000000000000000000e+00
1.035142166679343115e-05 2.000000000000000000e+00
1.047128548050898535e-05 2.000000000000000000e+00
1.059253725177289675e-05 2.000000000000000000e+00
1.071519305237607005e-05 2.000000000000000000e+00
1.083926914021203860e-05 2.000000000000000000e+00
1.096478196143185184e-05 2.000000000000000000e+00
1.109174815262400939e-05 2.000000000000000000e+00
1.122018454301963009e-05 2.000000000000000000e+00
1.135010815672314370e-05 2.000000000000000000e+00
1.148153621496881719e-05 2.000000000000000000e+00
1.161448613840343739e-05 2.000000000000000000e+00
1.174897554939530245e-05 2.000000000000000000e+00
1.188502227437018965e-05 2.000000000000000000e+00
1.202264434617413179e-05 2.000000000000000444e+00
1.216186000646367976e-05 2.000000000000000444e+00
1.230268770812381065e-05 2.000000000000000444e+00
1.244514611771384376e-05 2.000000000000000888e+00
1.258925411794166114e-05 2.000000000000001332e+00
1.273503081016662895e-05 2.000000000000002220e+00
1.288249551693134845e-05 2.000000000000003553e+00
1.303166778452300062e-05 2.000000000000005773e+00
1.318256738556407435e-05 2.000000000000008438e+00
1.333521432163324055e-05 2.000000000000013323e+00
1.348962882591653310e-05 2.000000000000019984e+00
1.364583136588923809e-05 2.000000000000030642e+00
1.380384264602883871e-05 2.000000000000045741e+00
1.396368361055936306e-05 2.000000000000068834e+00
1.412537544622755495e-05 2.000000000000103029e+00
1.428893958511103715e-05 2.000000000000153655e+00
1.445439770745928020e-05 2.000000000000227374e+00
1.462177174456718376e-05 2.000000000000335287e+00
1.479108388168207160e-05 2.000000000000491607e+00
1.496235656094432745e-05 2.000000000000718092e+00
1.513561248436207138e-05 2.000000000001044054e+00
1.531087461682028667e-05 2.000000000001511236e+00
1.548816618912482752e-05 2.000000000002177813e+00
1.566751070108150245e-05 2.000000000003125056e+00
1.584893192461114123e-05 2.000000000004464429e+00
1.603245390690041688e-05 2.000000000006350920e+00
1.621810097358929842e-05 2.000000000008996359e+00
1.640589773199538679e-05 2.000000000012691181e+00
1.659586907437559817e-05 2.000000000017829294e+00
1.678804018122558774e-05 2.000000000024946267e+00
1.698243652461745923e-05 2.000000000034763747e+00
1.717908387157589264e-05 2.000000000048252069e+00
1.737800828749376387e-05 2.000000000066710637e+00
1.757923613958693124e-05 2.000000000091872732e+00
1.778279410038922901e-05 2.000000000126039623e+00
1.798870915128787440e-05 2.000000000172257764e+00
1.819700858609982710e-05 2.000000000234540387e+00
1.840772001468954488e-05 2.000000000318158833e+00
1.862087136662865725e-05 2.000000000430008473e+00
1.883649089489802114e-05 2.000000000579070125e+00
1.905460717963248412e-05 2.000000000777017561e+00
1.927524913190936795e-05 2.000000001038931607e+00
1.949844599758045584e-05 2.000000001384277581e+00
1.972422736114853360e-05 2.000000001838034613e+00
1.995262314968878622e-05 2.000000002432185120e+00
2.018366363681559553e-05 2.000000003207528021e+00
2.041737944669527402e-05 2.000000004215883198e+00
2.065380155810531105e-05 2.000000005522972746e+00
2.089296130854040908e-05 2.000000007211633513e+00
2.113489039836647556e-05 2.000000009386268651e+00
2.137962089502232305e-05 2.000000012177647779e+00
2.162718523727020259e-05 2.000000015749340498e+00
2.187761623949551905e-05 2.000000020305156667e+00
2.213094709605636570e-05 2.000000026098056605e+00
2.238721138568337924e-05 2.000000033441662772e+00
2.264644307593062007e-05 2.000000042722290594e+00
2.290867652767774899e-05 2.000000054416320339e+00
2.317394649968479773e-05 2.000000069107126688e+00
2.344228815319922862e-05 2.000000087508878810e+00
2.371373705661655382e-05 2.000000110492222927e+00
2.398832919019490032e-05 2.000000139115006181e+00
2.426610095082414433e-05 2.000000174661461294e+00
2.454708915685028560e-05 2.000000218680153985e+00
2.483133105295567863e-05 2.000000273042670251e+00
2.511886431509582188e-05 2.000000339993269538e+00
2.540972705549306423e-05 2.000000422225594932e+00
2.570395782768864488e-05 2.000000522957407600e+00
2.600159563165272119e-05 2.000000646022279227e+00
2.630267991895381412e-05 2.000000795984083535e+00
2.660725059798808471e-05 2.000000978239373062e+00
2.691534803926913955e-05 2.000001199189192835e+00
2.722701308077910045e-05 2.000001466360970870e+00
2.754228703338169041e-05 2.000001788626742716e+00
2.786121168629772233e-05 2.000002176385525132e+00
2.818382931264454874e-05 2.000002641804222492e+00
2.851018267503909666e-05 2.000003199106765717e+00
2.884031503126605625e-05 2.000003864809577259e+00
2.917427014001166028e-05 2.000004658167231497e+00
2.951209226666384047e-05 2.000005601412949918e+00
2.985382618917957053e-05 2.000006720319486675e+00
3.019951720402019201e-05 2.000008044562043619e+00
3.054921113215515677e-05 2.000009608287362184e+00
3.090295432513592063e-05 2.000011450744984209e+00
3.126079367123955807e-05 2.000013616748893774e+00
3.162277660168379530e-05 2.000016157714487264e+00
3.198895109691397344e-05 2.000019132000584676e+00
3.235936569296280900e-05 2.000022606240757117e+00
3.273406948788379215e-05 2.000026655878226922e+00
3.311311214825907629e-05 2.000031366408478561e+00
3.349654391578279437e-05 2.000036834557747500e+00
3.388441561392027603e-05 2.000043169051934910e+00
3.427677865464504953e-05 2.000050492805953706e+00
3.467368504525316757e-05 2.000058943085932572e+00
3.507518739525679514e-05 2.000068674492572196e+00
3.548133892335753357e-05 2.000079859282942518e+00
3.589219346450049739e-05 2.000092689964554804e+00
3.630780547701017389e-05 2.000107381104905269e+00
3.672823004980849907e-05 2.000124170417684866e+00
3.715352290971727777e-05 2.000143322997790740e+00
3.758374042884443292e-05 2.000165130339134567e+00
3.801893963205612366e-05 2.000189916762518560e+00
3.845917820453535562e-05 2.000218038082665739e+00
3.890451449942804570e-05 2.000249886959783563e+00
3.935500754557772038e-05 2.000285894882079418e+00
3.981071705534969458e-05 2.000326533505071058e+00
4.027170343254595077e-05 2.000372322208603393e+00
4.073802778041130123e-05 2.000423823618838526e+00
4.120975190973304229e-05 2.000481657065014129e+00
4.168693834703355189e-05 2.000546491783481429e+00
4.216965034285822237e-05 2.000619058042597764e+00
4.265795188015925705e-05 2.000700147428834619e+00
4.315190768277650291e-05 2.000790614549953883e+00
4.365158322401656619e-05 2.000891389505826901e+00
4.415704473533120706e-05 2.001003465198427644e+00
4.466835921509634821e-05 2.001127924746578302e+00
4.518559443749225985e-05 2.001265920849893298e+00
4.570881896148751641e-05 2.001418699043306937e+00
4.623810213992603376e-05 2.001587591462782978e+00
4.677351412871980936e-05 2.001774020020717249e+00
4.731512589614802946e-05 2.001979514953369677e+00
4.786300923226380360e-05 2.002205687781699606e+00
4.841723675840999030e-05 2.002454281270599434e+00
4.897788193684466258e-05 2.002727122837285822e+00
4.954501908047905277e-05 2.003026170519853988e+00
5.011872336272725140e-05 2.003353490420317407e+00
5.069907082747044530e-05 2.003711265230565086e+00
5.128613839913648091e-05 2.004101818540268365e+00
5.188000389289609457e-05 2.004527566064790989e+00
5.248074602497723268e-05 2.004991099412410716e+00
5.308844442309878999e-05 2.005495095608730072e+00
5.370317963702532456e-05 2.006042403790101236e+00
5.432503314924335916e-05 2.006635988320512709e+00
5.495408738576248114e-05 2.007278952320221688e+00
5.559042572704037339e-05 2.007974564110042603e+00
5.623413251903490700e-05 2.008726178917011662e+00
5.688529308438412916e-05 2.009537371663468353e+00
5.754399373371566406e-05 2.010411776324062760e+00
5.821032177708709908e-05 2.011353243027047100e+00
5.888436553555884004e-05 2.012365716516270719e+00
5.956621435290109591e-05 2.013453294348377387e+00
6.025595860743580595e-05 2.014620245426184564e+00
6.095368972401693823e-05 2.015870897412036289e+00
6.165950018614822423e-05 2.017209835429118581e+00
6.237348354824191440e-05 2.018641637388711718e+00
6.309573444801929300e-05 2.020171145891724862e+00
6.382634861905482951e-05 2.021803235074160821e+00
6.456542290346562666e-05 2.023542938220859178e+00
6.531305526474728992e-05 2.025395437907608454e+00
6.606934480075964729e-05 2.027365921712477537e+00
6.683439175686149280e-05 2.029459862422979821e+00
6.760829753919818874e-05 2.031682609194729316e+00
6.839116472814292665e-05 2.034039835920756989e+00
6.918309709189362545e-05 2.036537128766761739e+00
6.998419960022730989e-05 2.039180238093635467e+00
7.079457843841373125e-05 2.041975004757353940e+00
7.161434102129027670e-05 2.044927199198162349e+00
7.244359600749906167e-05 2.048042893066791326e+00
7.328245331389044727e-05 2.051327862543705471e+00
7.413102413009176311e-05 2.054788292941539307e+00
7.498942093324558562e-05 2.058430095647086233e+00
7.585775750291835827e-05 2.062259363320450678e+00
7.673614893618186056e-05 2.066282177686189492e+00
7.762471166286911170e-05 2.070504464590154026e+00
7.852356346100710760e-05 2.074932456034145112e+00
7.943282347242822084e-05 2.079571862465751320e+00
8.035261221856176798e-05 2.084428929884911241e+00
8.128305161640994537e-05 2.089509370716758241e+00
8.222426499470711716e-05 2.094819126970761669e+00
8.317637711026709040e-05 2.100363982741442204e+00
8.413951416451947497e-05 2.106149489157757237e+00
8.511380382023759500e-05 2.112181496238876299e+00
8.609937521846016068e-05 2.118465073750724681e+00
8.709635899560813719e-05 2.125005994343676541e+00
8.810488730080147271e-05 2.131809176124564331e+00
8.912509381337458780e-05 2.138879865131406266e+00
9.015711376059570837e-05 2.146222956619567412e+00
9.120108393559096371e-05 2.153843066772201720e+00
9.225714271547628552e-05 2.161745076180447533e+00
9.332543007969904577e-05 2.169932877057980658e+00
9.440608762859226599e-05 2.178411185546375695e+00
9.549925860214368827e-05 2.187183553811002490e+00
9.660508789898140220e-05 2.196254014240691887e+00
9.772372209558110971e-05 2.205626011115452645e+00
9.885530946569390319e-05 2.215302717573524927e+00
1.000000000000000048e-04 2.225287518673931153e+00
1.011579454259898224e-04 2.235582637910278336e+00
1.023292992280753577e-04 2.246191257693908483e+00
1.035142166679344064e-04 2.257115073198487920e+00
1.047128548050899619e-04 2.268356490571576956e+00
1.059253725177288624e-04 2.279917048487290820e+00
1.071519305237606971e-04 2.291798096027568121e+00
1.083926914021203860e-04 2.304001120967300142e+00
1.096478196143185150e-04 2.316526334872472503e+00
1.109174815262400872e-04 2.329375051091343352e+00
1.122018454301963009e-04 2.342546774763984097e+00
1.135010815672314268e-04 2.356042037909488851e+00
1.148153621496882939e-04 2.369860186651154610e+00
1.161448613840342553e-04 2.384000545535126303e+00
1.174897554939530279e-04 2.398462479532013081e+00
1.188502227437018897e-04 2.413244039476681202e+00
1.202264434617413111e-04 2.428344518642869154e+00
1.216186000646367874e-04 2.443761097824450168e+00
1.230268770812381065e-04 2.459492383391179704e+00
1.244514611771384478e-04 2.475535441916841606e+00
1.258925411794167436e-04 2.491887576987696917e+00
1.273503081016661743e-04 2.508546004200721047e+00
1.288249551693135015e-04 2.525506674336242874e+00
1.303166778452300096e-04 2.542766906211279654e+00
1.318256738556407401e-04 2.560321630126201953e+00
1.333521432163323954e-04 2.578167671988952137e+00
1.348962882591653344e-04 2.596299933127140136e+00
1.364583136588923978e-04 2.614713895914925423e+00
1.380384264602885192e-04 2.633404791502788278e+00
1.396368361055937797e-04 2.652366724822956989e+00
1.412537544622755427e-04 2.671595265658194940e+00
1.428893958511103749e-04 2.691083355691620937e+00
1.445439770745927987e-04 2.710826354392608994e+00
1.462177174456718274e-04 2.730817287160215656e+00
1.479108388168207295e-04 2.751050176418908144e+00
1.496235656094432745e-04 2.771518592460279429e+00
1.513561248436207172e-04 2.792215201173839922e+00
1.531087461682030428e-04 2.813134188833608107e+00
1.548816618912481058e-04 2.834266915520641916e+00
1.566751070108150041e-04 2.855607708876042317e+00
1.584893192461114190e-04 2.877148136494727559e+00
1.603245390690041892e-04 2.898881230995533187e+00
1.621810097358929842e-04 2.920799334381471990e+00
1.640589773199538815e-04 2.942894176542207418e+00
1.659586907437559614e-04 2.965158962953634791e+00
1.678804018122560739e-04 2.987584117251538718e+00
1.698243652461744297e-04 3.010163283040466986e+00
1.717908387157589332e-04 3.032887110427021859e+00
1.737800828749376319e-04 3.055748161082419312e+00
1.757923613958693124e-04 3.078738033731472257e+00
1.778279410038922698e-04 3.101848060315108402e+00
1.798870915128787304e-04 3.125070916802369592e+00
1.819700858609982642e-04 3.148396710134328202e+00
1.840772001468956318e-04 3.171818807020254205e+00
1.862087136662867555e-04 3.195327477756451096e+00
1.883649089489802114e-04 3.218915322805505852e+00
1.905460717963248141e-04 3.242573680897137045e+00
1.927524913190936727e-04 3.266294002444845024e+00
1.949844599758045584e-04 3.290068889028579413e+00
1.972422736114853360e-04 3.313888651371319050e+00
1.995262314968878758e-04 3.337746816264115512e+00
2.018366363681559756e-04 3.361633753247525558e+00
2.041737944669529570e-04 3.385542554328287324e+00
2.065380155810529208e-04 3.409464735035000249e+00
2.089296130854040908e-04 3.433392313909388704e+00
2.113489039836647623e-04 3.457318215168943443e+00
2.137962089502232373e-04 3.481233397880708402e+00
2.162718523727020191e-04 3.505131914380209324e+00
2.187761623949551837e-04 3.529004638980470343e+00
2.213094709605636435e-04 3.552845517652909457e+00
2.238721138568339957e-04 3.576646601762701216e+00
2.264644307593059432e-04 3.600400830972681376e+00
2.290867652767774763e-04 3.624101765068046710e+00
2.317394649968479773e-04 3.647741353742294024e+00
2.344228815319922591e-04 3.671314447708459383e+00
2.371373705661655382e-04 3.694812736316077206e+00
2.398832919019489897e-04 3.718231274166602596e+00
2.426610095082414433e-04 3.741562913116327938e+00
2.454708915685031270e-04 3.764801756286789036e+00
2.483133105295570438e-04 3.787942216241771298e+00
2.511886431509582256e-04 3.810977462669192128e+00
2.540972705549306219e-04 3.833903317998638371e+00
2.570395782768864759e-04 3.856712494250453815e+00
2.600159563165272119e-04 3.879401298831674616e+00
2.630267991895381412e-04 3.901963551111119699e+00
2.660725059798808335e-04 3.924394649491071085e+00
2.691534803926913955e-04 3.946689981696420269e+00
2.722701308077912687e-04 3.968844056710111978e+00
2.754228703338166195e-04 3.990853747469911283e+00
2.786121168629772165e-04 4.012712898174126686e+00
2.818382931264455009e-04 4.034419111659885537e+00
2.851018267503909734e-04 4.055967251481337854e+00
2.884031503126605490e-04 4.077354043592493760e+00
2.917427014001165893e-04 4.098575888672793432e+00
2.951209226666384115e-04 4.119628657023194584e+00
2.985382618917960034e-04 4.140510257362614688e+00
3.019951720402015813e-04 4.161215727088858785e+00
3.054921113215515677e-04 4.181743885547047235e+00
3.090295432513592063e-04 4.202090653331547188e+00
3.126079367123955942e-04 4.222254034542440415e+00
3.162277660168379394e-04 4.242231412002614555e+00
3.198895109691397344e-04 4.262019960877418079e+00
3.235936569296281036e-04 4.281618498727363331e+00
3.273406948788383009e-04 4.301023396190915449e+00
3.311311214825911017e-04 4.320234399482909993e+00
3.349654391578279437e-04 4.339248489688706023e+00
3.388441561392027332e-04 4.358064838999561985e+00
3.427677865464504817e-04 4.376681731338898373e+00
3.467368504525316893e-04 4.395097532999082013e+00
3.507518739525679243e-04 4.413311869060797754e+00
3.548133892335753221e-04 4.431322326096976738e+00
3.589219346450050010e-04 4.449129453719992355e+00
3.630780547701014001e-04 4.466731187415797777e+00
3.672823004980846112e-04 4.484127717857367301e+00
3.715352290971728048e-04 4.501318116873520125e+00
3.758374042884443157e-04 4.518301791575405346e+00
3.801893963205612366e-04 4.535079048632445264e+00
3.845917820453535426e-04 4.551648539521575998e+00
3.890451449942804976e-04 4.568011474157312790e+00
3.935500754557772580e-04 4.584166612099075166e+00
3.981071705534973523e-04 4.600114992317115181e+00
4.027170343254590605e-04 4.615856345159457419e+00
4.073802778041130395e-04 4.631390949959317993e+00
4.120975190973304365e-04 4.646719659381185252e+00
4.168693834703355054e-04 4.661842022616152548e+00
4.216965034285822373e-04 4.676759761700942875e+00
4.265795188015925705e-04 4.691472320364972859e+00
4.315190768277650155e-04 4.705981410719134672e+00
4.365158322401661091e-04 4.720287288903371348e+00
4.415704473533125043e-04 4.734390934378765792e+00
4.466835921509634821e-04 4.748293612148333231e+00
4.518559443749226392e-04 4.761995599764060394e+00
4.570881896148752048e-04 4.775498989080636747e+00
4.623810213992603376e-04 4.788803769765795693e+00
4.677351412871981343e-04 4.801912158697161814e+00
4.731512589614802946e-04 4.814824811149174266e+00
4.786300923226380496e-04 4.827543242111381083e+00
4.841723675840993880e-04 4.840069005341904429e+00
4.897788193684460972e-04 4.852402945468417883e+00
4.954501908047905141e-04 4.864547395158341558e+00
5.011872336272725275e-04 4.876502761305475886e+00
5.069907082747044259e-04 4.888271611925492977e+00
5.128613839913648362e-04 4.899854887125467684e+00
5.188000389289610000e-04 4.911254487571655503e+00
5.248074602497722861e-04 4.922472147299293610e+00
5.308844442309884962e-04 4.933509131531280900e+00
5.370317963702527170e-04 4.944367902344310117e+00
5.432503314924336593e-04 4.955049169488742855e+00
5.495408738576247707e-04 4.965555717976847916e+00
5.559042572704037339e-04 4.975888674104389509e+00
5.623413251903490971e-04 4.986050193457250757e+00
5.688529308438413593e-04 4.996042099341325482e+00
5.754399373371566406e-04 5.005865949676470805e+00
5.821032177708715871e-04 5.015524218397185763e+00
5.888436553555889425e-04 5.025017897056847538e+00
5.956621435290109998e-04 5.034349798411579258e+00
6.025595860743581137e-04 5.043521178853811904e+00
6.095368972401693551e-04 5.052534338871991437e+00
6.165950018614822694e-04 5.061391117981679066e+00
6.237348354824191711e-04 5.070093258944028847e+00
6.309573444801929842e-04 5.078643167300926464e+00
6.382634861905482409e-04 5.087042058609879014e+00
6.456542290346555619e-04 5.095292659652322698e+00
6.531305526474723028e-04 5.103396299540237102e+00
6.606934480075964729e-04 5.111355334319867438e+00
6.683439175686149009e-04 5.119171563677126002e+00
6.760829753919818602e-04 5.126846827181579691e+00
6.839116472814292394e-04 5.134383414962726100e+00
6.918309709189362274e-04 5.141782679493093866e+00
6.998419960022730446e-04 5.149047213890490582e+00
7.079457843841380172e-04 5.156178362756042688e+00
7.161434102129019810e-04 5.163178467704883090e+00
7.244359600749905896e-04 5.170049247819459737e+00
7.328245331389044185e-04 5.176792569932325172e+00
7.413102413009177395e-04 5.183410576719814422e+00
7.498942093324558562e-04 5.189904688169962199e+00
7.585775750291835285e-04 5.196277331437501701e+00
7.673614893618185785e-04 5.202529823824075805e+00
7.762471166286919301e-04 5.208664439832176640e+00
7.852356346100718620e-04 5.214682790249842270e+00
7.943282347242821813e-04 5.220586716125948712e+00
8.035261221856176798e-04 5.226378193189495036e+00
8.128305161640994808e-04 5.232058655309774764e+00
8.222426499470712529e-04 5.237630344217256706e+00
8.317637711026708769e-04 5.243094519456766633e+00
8.413951416451946955e-04 5.248453350644851412e+00
8.511380382023759229e-04 5.253708323361248489e+00
8.609937521846007394e-04 5.258861214032169329e+00
8.709635899560805045e-04 5.263913822044361979e+00
8.810488730080146729e-04 5.268867555094880473e+00
8.912509381337459322e-04 5.273724460339494158e+00
9.015711376059570023e-04 5.278485719280471500e+00
9.120108393559096371e-04 5.283153371308127788e+00
9.225714271547629094e-04 5.287728768432906179e+00
9.332543007969905120e-04 5.292213595484179578e+00
9.440608762859235272e-04 5.296609473923743039e+00
9.549925860214359069e-04 5.300917756585872276e+00
9.660508789898140762e-04 5.305140294873954332e+00
9.772372209558110971e-04 5.309278180086552723e+00
9.885530946569390590e-04 5.313333306111266197e+00
1.000000000000000021e-03 5.317306889564584083e+00
1.011579454259898224e-03 5.321200506339011760e+00
1.023292992280754607e-03 5.325015604174788919e+00
1.035142166679344118e-03 5.328753461616544840e+00
1.047128548050899619e-03 5.332415737138873624e+00
1.059253725177288679e-03 5.336003431685410803e+00
1.071519305237607052e-03 5.339518280557976837e+00
1.083926914021203806e-03 5.342961369843930441e+00
1.096478196143185150e-03 5.346334156775972346e+00
1.109174815262400872e-03 5.349637923641807014e+00
1.122018454301963036e-03 5.352873862634318414e+00
1.135010815672315380e-03 5.356043436318710604e+00
1.148153621496882885e-03 5.359147589740565820e+00
1.161448613840342526e-03 5.362187862659028248e+00
1.174897554939529059e-03 5.365165228798095320e+00
1.188502227437019006e-03 5.368081022858993023e+00
1.202264434617413003e-03 5.370936372602486131e+00
1.216186000646367902e-03 5.373732377518567915e+00
1.230268770812381228e-03 5.376470319550721300e+00
1.244514611771385670e-03 5.379151079085909615e+00
1.258925411794167490e-03 5.381776014427775756e+00
1.273503081016661527e-03 5.384345991719763802e+00
1.288249551693133660e-03 5.386862223623520407e+00
1.303166778452299933e-03 5.389325695839214170e+00
1.318256738556407509e-03 5.391737413113881772e+00
1.333521432163324062e-03 5.394098493002522865e+00
1.348962882591653182e-03 5.396409746756200221e+00
1.364583136588925225e-03 5.398672366474846385e+00
1.380384264602885300e-03 5.400887117393155634e+00
1.396368361055937580e-03 5.403055093759665084e+00
1.412537544622753964e-03 5.405177152366277937e+00
1.428893958511103695e-03 5.407254204332373249e+00
1.445439770745927987e-03 5.409287219216378340e+00
1.462177174456718220e-03 5.411276937848357171e+00
1.479108388168207241e-03 5.413224401739277880e+00
1.496235656094434263e-03 5.415130282997125732e+00
1.513561248436208744e-03 5.416995563229747290e+00
1.531087461682030266e-03 5.418820983527488977e+00
1.548816618912481112e-03 5.420607364719727705e+00
1.566751070108148578e-03 5.422355544352679857e+00
1.584893192461114082e-03 5.424066193858324780e+00
1.603245390690041837e-03 5.425740219551878241e+00
1.621810097358929734e-03 5.427378208719130015e+00
1.640589773199538706e-03 5.428981037467760729e+00
1.659586907437561295e-03 5.430549344000359824e+00
1.678804018122560630e-03 5.432083863678606406e+00
1.698243652461744243e-03 5.433585317226821587e+00
1.717908387157587652e-03 5.435054309307000509e+00
1.737800828749376265e-03 5.436491625803191674e+00
1.757923613958693124e-03 5.437897777576407243e+00
1.778279410038922752e-03 5.439273543144535594e+00
1.798870915128787358e-03 5.440619469914435236e+00
1.819700858609984376e-03 5.441936213577683645e+00
1.840772001468956318e-03 5.443224392156518654e+00
1.862087136662867555e-03 5.444484547228118032e+00
1.883649089489800163e-03 5.445717358126537455e+00
1.905460717963248195e-03 5.446923267446919681e+00
1.927524913190936618e-03 5.448102964365761025e+00
1.949844599758045584e-03 5.449256916796553440e+00
1.972422736114853251e-03 5.450385706854347312e+00
1.995262314968880655e-03 5.451489862899834726e+00
2.018366363681561599e-03 5.452569867747983245e+00
2.041737944669529733e-03 5.453626304091496735e+00
2.065380155810529316e-03 5.454659562753480628e+00
2.089296130854038577e-03 5.455670243101526040e+00
2.113489039836647515e-03 5.456658746681903871e+00
2.137962089502232644e-03 5.457625588472925671e+00
2.162718523727020191e-03 5.458571218889872512e+00
2.187761623949552054e-03 5.459496066631474243e+00
2.213094709605638657e-03 5.460400628604777040e+00
2.238721138568339902e-03 5.461285253610251189e+00
2.264644307593059649e-03 5.462150456673390941e+00
2.290867652767772378e-03 5.462996583080135693e+00
2.317394649968479610e-03 5.463824086981797556e+00
2.344228815319922537e-03 5.464633351370532743e+00
2.371373705661655382e-03 5.465424755568027315e+00
2.398832919019489897e-03 5.466198722364556062e+00
2.426610095082416818e-03 5.466955561809924369e+00
2.454708915685031162e-03 5.467695715548220647e+00
2.483133105295570221e-03 5.468419479747638867e+00
2.511886431509579437e-03 5.469127253815106116e+00
2.540972705549306328e-03 5.469819362660061302e+00
2.570395782768864542e-03 5.470496140896171866e+00
2.600159563165272119e-03 5.471157947513212605e+00
2.630267991895381303e-03 5.471805057160995744e+00
2.660725059798811371e-03 5.472437841096263966e+00
2.691534803926916557e-03 5.473056573103066036e+00
2.722701308077912687e-03 5.473661583285997168e+00
2.754228703338165978e-03 5.474253153469881283e+00
2.786121168629769346e-03 5.474831578047492542e+00
2.818382931264454792e-03 5.475397161267387958e+00
2.851018267503909950e-03 5.475950145689121307e+00
2.884031503126605490e-03 5.476490854359187921e+00
2.917427014001165893e-03 5.477019503785246712e+00
2.951209226666386826e-03 5.477536400745703915e+00
2.985382618917960251e-03 5.478041777642626009e+00
3.019951720402016138e-03 5.478535892880831426e+00
3.054921113215512424e-03 5.479019003877100502e+00
3.090295432513592063e-03 5.479491324287746323e+00
3.126079367123955725e-03 5.479953129775216425e+00
3.162277660168379394e-03 5.480404604946114588e+00
3.198895109691397235e-03 5.480846017874987375e+00
3.235936569296284180e-03 5.481277564577988315e+00
3.273406948788382901e-03 5.481699471408223445e+00
3.311311214825910908e-03 5.482111955821449278e+00
3.349654391578275967e-03 5.482515205582096485e+00
3.388441561392027332e-03 5.482909455614610295e+00
3.427677865464504817e-03 5.483294863077656345e+00
3.467368504525316676e-03 5.483671661838186218e+00
3.507518739525679677e-03 5.484040016953626306e+00
3.548133892335756691e-03 5.484400126344162629e+00
3.589219346450053371e-03 5.484752173446786117e+00
3.630780547701014001e-03 5.485096322938293412e+00
3.672823004980846004e-03 5.485432774671606282e+00
3.715352290971724036e-03 5.485761662619018431e+00
3.758374042884443048e-03 5.486083190138376864e+00
3.801893963205612691e-03 5.486397496130852147e+00
3.845917820453535318e-03 5.486704753380085009e+00
3.890451449942804868e-03 5.487005116423698148e+00
3.935500754557776266e-03 5.487298729432412259e+00
3.981071705534973415e-03 5.487585761020762121e+00
4.027170343254590605e-03 5.487866328933873383e+00
4.073802778041125949e-03 5.488140606103335983e+00
4.120975190973303823e-03 5.488408710484391051e+00
4.168693834703355271e-03 5.488670792704141377e+00
4.216965034285822915e-03 5.488926982796307641e+00
4.265795188015925922e-03 5.489177406780147095e+00
4.315190768277654167e-03 5.489422206763228118e+00
4.365158322401660983e-03 5.489661486039340232e+00
4.415704473533125368e-03 5.489895391539393543e+00
4.466835921509630485e-03 5.490124023327487279e+00
4.518559443749225850e-03 5.490347512551194242e+00
4.570881896148752156e-03 5.490565968490728643e+00
4.623810213992603051e-03 5.490779501168630006e+00
4.677351412871981126e-03 5.490988230223823763e+00
4.731512589614807716e-03 5.491192246125446985e+00
4.786300923226385375e-03 5.491391673616814906e+00
4.841723675840994313e-03 5.491586597505577316e+00
4.897788193684460972e-03 5.491777131851861782e+00
4.954501908047900804e-03 5.491963368418858238e+00
5.011872336272724625e-03 5.492145403102863810e+00
5.069907082747044692e-03 5.492323336495140040e+00
5.128613839913647929e-03 5.492497247173568908e+00
5.188000389289609132e-03 5.492667242315459220e+00
5.248074602497728065e-03 5.492833393001372855e+00
5.308844442309884962e-03 5.492995798331552493e+00
5.370317963702526953e-03 5.493154535275439621e+00
5.432503314924330522e-03 5.493309687341503711e+00
5.495408738576248141e-03 5.493461339125017773e+00
5.559042572704037122e-03 5.493609559735869396e+00
5.623413251903490971e-03 5.493754438907940241e+00
5.688529308438413160e-03 5.493896037309333735e+00
5.754399373371572694e-03 5.494034441067341845e+00
5.821032177708716088e-03 5.494169714682813677e+00
5.888436553555889859e-03 5.494301930805082002e+00
5.956621435290103059e-03 5.494431160479864573e+00
6.025595860743580487e-03 5.494557464002697955e+00
6.095368972401693335e-03 5.494680917415690757e+00
6.165950018614822260e-03 5.494801572106688958e+00
6.237348354824191060e-03 5.494919502693615954e+00
6.309573444801936347e-03 5.495034763181477544e+00
6.382634861905489565e-03 5.495147416716035238e+00
6.456542290346555836e-03 5.495257522919051674e+00
6.531305526474722595e-03 5.495365134341406055e+00
6.606934480075957357e-03 5.495470315390258875e+00
6.683439175686149009e-03 5.495573109492571717e+00
6.760829753919818386e-03 5.495673581324318491e+00
6.839116472814293045e-03 5.495771776064193759e+00
6.918309709189362708e-03 5.495867748553614263e+00
6.998419960022738036e-03 5.495961548792134721e+00
7.079457843841380389e-03 5.496053222538224148e+00
7.161434102129020027e-03 5.496142824086200918e+00
7.244359600749898306e-03 5.496230390815920686e+00
7.328245331389044402e-03 5.496315978048769146e+00
7.413102413009176744e-03 5.496399623730616746e+00
7.498942093324557912e-03 5.496481375557072724e+00
7.585775750291835935e-03 5.496561275381679934e+00
7.673614893618193808e-03 5.496639363015052737e+00
7.762471166286919952e-03 5.496715684047384975e+00
7.852356346100718837e-03 5.496790271108224601e+00
7.943282347242813790e-03 5.511709863298771772e+00
8.035261221856177666e-03 5.511923282253222034e+00
8.128305161640994592e-03 5.512136705413170468e+00
8.222426499470712746e-03 5.512350132778700562e+00
8.317637711026708985e-03 5.512563564349894030e+00
8.413951416451955628e-03 5.512777000126836136e+00
8.511380382023767469e-03 5.512990440109608592e+00
8.609937521846007177e-03 5.513203884298294888e+00
8.709635899560804612e-03 5.513242461525886817e+00
8.810488730080136971e-03 5.512486114466890186e+00
8.912509381337458889e-03 5.511729594791773046e+00
9.015711376059569807e-03 5.511171042239227269e+00
9.120108393559096804e-03 5.510612329633943318e+00
9.225714271547629311e-03 5.510053353686273248e+00
9.332543007969915094e-03 5.509494108931499490e+00
9.440608762859235489e-03 5.508934702757966484e+00
9.549925860214358853e-03 5.508375135133976030e+00
9.660508789898131221e-03 5.507815406027829930e+00
9.772372209558111839e-03 5.507288105855828064e+00
9.885530946569390590e-03 5.506769112177692271e+00
1.000000000000000021e-02 5.506249971580412073e+00
1.011579454259898224e-02 5.507779526941926740e+00
1.023292992280754737e-02 5.509309298192850868e+00
1.035142166679344118e-02 5.510839285363664963e+00
1.047128548050899575e-02 5.512369488484838875e+00
1.059253725177288635e-02 5.513899907586858440e+00
1.071519305237607009e-02 5.515430542700204164e+00
1.083926914021203849e-02 5.516961393855361884e+00
1.096478196143185063e-02 5.518492461082835199e+00
1.109174815262400915e-02 5.520023744413108169e+00
1.122018454301964077e-02 5.521555243876696828e+00
1.135010815672315466e-02 5.521877267430812530e+00
1.148153621496882971e-02 5.522199155778788615e+00
1.161448613840342613e-02 5.522521053674180003e+00
1.174897554939530360e-02 5.522842961117262028e+00
1.188502227437019006e-02 5.523164878108320686e+00
1.202264434617413176e-02 5.523486804647640191e+00
1.216186000646367858e-02 5.523808740735504763e+00
1.230268770812381098e-02 5.524130686372195065e+00
1.244514611771385670e-02 5.524452641558002419e+00
1.258925411794167490e-02 5.524775860190920262e+00
1.273503081016661570e-02 5.528456646450444545e+00
1.288249551693133529e-02 5.532138680783959650e+00
1.303166778452300063e-02 5.535821963614663055e+00
1.318256738556407466e-02 5.539506495365892569e+00
1.333521432163324062e-02 5.543192276461129886e+00
1.348962882591653312e-02 5.546879307323998809e+00
1.364583136588925182e-02 5.550567588378274131e+00
1.380384264602885214e-02 5.554257120047856766e+00
1.396368361055937667e-02 5.557947902756811054e+00
1.412537544622754007e-02 5.561639936929334560e+00
1.428893958511103651e-02 5.569254157929365512e+00
1.445439770745927943e-02 5.576874294309949853e+00
1.462177174456718264e-02 5.584499758010550430e+00
1.479108388168207111e-02 5.592130552755548045e+00
1.496235656094434263e-02 5.599766682271940077e+00
1.513561248436208657e-02 5.607408150289319160e+00
1.531087461682030353e-02 5.615054960539883844e+00
1.548816618912481069e-02 5.622707116758459911e+00
1.566751070108150096e-02 5.630364622682459519e+00
1.584893192461114125e-02 5.638027964010743354e+00
1.603245390690041794e-02 5.648453122881025301e+00
1.621810097358929864e-02 5.658888190459008705e+00
1.640589773199538706e-02 5.669333176162527188e+00
1.659586907437561251e-02 5.679788089418381425e+00
1.678804018122560804e-02 5.690252939662319598e+00
1.698243652461744330e-02 5.700727736339055163e+00
1.717908387157587521e-02 5.711212488902297046e+00
1.737800828749376178e-02 5.721707206814721225e+00
1.757923613958693038e-02 5.732211899548000922e+00
1.778279410038922925e-02 5.742726576582824372e+00
1.798870915128787315e-02 5.750399622512621711e+00
1.819700858609984290e-02 5.758077903156240573e+00
1.840772001468956448e-02 5.765761504305925378e+00
1.862087136662867598e-02 5.773450429648407045e+00
1.883649089489800033e-02 5.781144682872985108e+00
1.905460717963248368e-02 5.788844267671492183e+00
1.927524913190936662e-02 5.796549187738338382e+00
1.949844599758045541e-02 5.804259446770486441e+00
1.972422736114853511e-02 5.811975048467464156e+00
1.995262314968880915e-02 5.819695609432502970e+00
2.018366363681561859e-02 5.823578749687258416e+00
2.041737944669529473e-02 5.827463242275082500e+00
2.065380155810529056e-02 5.831349087666935382e+00
2.089296130854041006e-02 5.835236286333940647e+00
2.113489039836647515e-02 5.839124838747387081e+00
2.137962089502232557e-02 5.843014745378725117e+00
2.162718523727020017e-02 5.846906006699575720e+00
2.187761623949551967e-02 5.850798623181716174e+00
2.213094709605638657e-02 5.854692595297092517e+00
2.238721138568339902e-02 5.858588270310481683e+00
2.264644307593059389e-02 5.870340928088489285e+00
2.290867652767772378e-02 5.882105930479526457e+00
2.317394649968479783e-02 5.893883290449983825e+00
2.344228815319922624e-02 5.905673020979850030e+00
2.371373705661655382e-02 5.917475135062775671e+00
2.398832919019489723e-02 5.929289645706034229e+00
2.426610095082416818e-02 5.941116565930578908e+00
2.454708915685031162e-02 5.952955908771037308e+00
2.483133105295570395e-02 5.964807687275718528e+00
2.511886431509579437e-02 5.976671914506650474e+00
2.540972705549306501e-02 6.004838437511968330e+00
2.570395782768864629e-02 6.033077141011413680e+00
2.600159563165272206e-02 6.061386193039022707e+00
2.630267991895381477e-02 6.089765768847729355e+00
2.660725059798811284e-02 6.118216044127039233e+00
2.691534803926916644e-02 6.146737195004154053e+00
2.722701308077912774e-02 6.175329398045046325e+00
2.754228703338166065e-02 6.203992830255537605e+00
2.786121168629772035e-02 6.232727669082419375e+00
2.818382931264454966e-02 6.261534406195784719e+00
2.851018267503909603e-02 6.293895189136761381e+00
2.884031503126605750e-02 6.326346311722686799e+00
2.917427014001166066e-02 6.358888026149300821e+00
2.951209226666387173e-02 6.391520585316386338e+00
2.985382618917960251e-02 6.424244242829710849e+00
3.019951720402016052e-02 6.457059253003033739e+00
3.054921113215512338e-02 6.489965870860072705e+00
3.090295432513592150e-02 6.522964352136457755e+00
3.126079367123955899e-02 6.556054953281758024e+00
3.162277660168379134e-02 6.589237931461458864e+00
3.198895109691397148e-02 6.624893052343865385e+00
3.235936569296284093e-02 6.660654980629389321e+00
3.273406948788382814e-02 6.696523882856216581e+00
3.311311214825911342e-02 6.732500079013365557e+00
3.349654391578275880e-02 6.768583890047028540e+00
3.388441561392027679e-02 6.804775637863431648e+00
3.427677865464504731e-02 6.841075645331708976e+00
3.467368504525316503e-02 6.877484236286799835e+00
3.507518739525679330e-02 6.914001735532317561e+00
3.548133892335756517e-02 6.950628582556281465e+00
3.589219346450053805e-02 6.988561901011078881e+00
3.630780547701013827e-02 7.026612385949342787e+00
3.672823004980846351e-02 7.064780399268873801e+00
3.715352290971727506e-02 7.103066303985310803e+00
3.758374042884442962e-02 7.141470464235514903e+00
3.801893963205612431e-02 7.179993245281116820e+00
3.845917820453535058e-02 7.218635013511916831e+00
3.890451449942804868e-02 7.257396136449425050e+00
3.935500754557776093e-02 7.296276982750318219e+00
3.981071705534973415e-02 7.335278031818931233e+00
4.027170343254590779e-02 7.377354459280705434e+00
4.073802778041125949e-02 7.419570667002596487e+00
4.120975190973304170e-02 7.461927119342507631e+00
4.168693834703354750e-02 7.504424282200944596e+00
4.216965034285822395e-02 7.547062623026167039e+00
4.265795188015925749e-02 7.587406539390316063e+00
4.315190768277654687e-02 7.627876598637903349e+00
4.365158322401661156e-02 7.668473445123848542e+00
4.415704473533125368e-02 7.709197476055474674e+00
4.466835921509629964e-02 7.750049089884496034e+00
4.518559443749226023e-02 7.791147474085289737e+00
4.570881896148751983e-02 7.832374996657752497e+00
4.623810213992603224e-02 7.873732053926279839e+00
4.677351412871981473e-02 7.915219052882039641e+00
4.731512589614807890e-02 7.956836383852411210e+00
4.786300923226385201e-02 7.998205883589965204e+00
4.841723675840994140e-02 8.039704185328098163e+00
4.897788193684461666e-02 8.081331690085800545e+00
4.954501908047905662e-02 8.123088800130638276e+00
5.011872336272724798e-02 8.164975892936602975e+00
5.069907082747044519e-02 8.206348153843549653e+00
5.128613839913648276e-02 8.247847247178352603e+00
5.188000389289609826e-02 8.289473561763486487e+00
5.248074602497728586e-02 8.331227487613404037e+00
5.308844442309884615e-02 8.373109401612172320e+00
5.370317963702526953e-02 8.414922014506210246e+00
5.432503314924330695e-02 8.456862206532552051e+00
5.495408738576248314e-02 8.498930366962152760e+00
5.559042572704037122e-02 8.541126886253692874e+00
5.623413251903491145e-02 8.583452109507529570e+00
5.688529308438412813e-02 8.624976971248663915e+00
5.754399373371572174e-02 8.666625759975399745e+00
5.821032177708716088e-02 8.708398845535981536e+00
5.888436553555889685e-02 8.750296598882446375e+00
5.956621435290103406e-02 8.792319388903980126e+00
6.025595860743580834e-02 8.834315685167414500e+00
6.095368972401693508e-02 8.876436863641067987e+00
6.165950018614822087e-02 8.918683295680700951e+00
6.237348354824191754e-02 8.961055353746349539e+00
6.309573444801935826e-02 9.003553414241949326e+00
6.382634861905489565e-02 9.046237834553021884e+00
6.456542290346556356e-02 9.089049361948500660e+00
6.531305526474723289e-02 9.131988374932095809e+00
6.606934480075964122e-02 9.175055253134619448e+00
6.683439175686148315e-02 9.218250377317360744e+00
6.760829753919818386e-02 9.260584604412581911e+00
6.839116472814292524e-02 9.303042005805629344e+00
6.918309709189363055e-02 9.345622950511728533e+00
6.998419960022737862e-02 9.388327798019442838e+00
7.079457843841380216e-02 9.431156908863385979e+00
7.161434102129020374e-02 9.472598581090931447e+00
7.244359600749898653e-02 9.514156555986360786e+00
7.328245331389043882e-02 9.555831200055337149e+00
7.413102413009177438e-02 9.597622840832976010e+00
7.498942093324557912e-02 9.639531745200528690e+00
7.585775750291835762e-02 9.679011988428882773e+00
7.673614893618194155e-02 9.718596352318567000e+00
7.762471166286918911e-02 9.758285111465450967e+00
7.852356346100718143e-02 9.798078541189610746e+00
7.943282347242813790e-02 9.837976955862174577e+00
8.035261221856176972e-02 9.879477738087960148e+00
8.128305161640994592e-02 9.921092065986801600e+00
8.222426499470712746e-02 9.962820250218396012e+00
8.317637711026708291e-02 1.000466260229238458e+01
8.413951416451956322e-02 1.004661953568619026e+01
8.511380382023767122e-02 1.009562678863929719e+01
8.609937521846007524e-02 1.014479022889630144e+01
8.709635899560805306e-02 1.019411035422993095e+01
8.810488730080145992e-02 1.024358766399933174e+01
8.912509381337459236e-02 1.029322265915510215e+01
9.015711376059570847e-02 1.035015865984115280e+01
9.120108393559096804e-02 1.040730219004567303e+01
9.225714271547638679e-02 1.046465396297233141e+01
9.332543007969915094e-02 1.052221473750023506e+01
9.440608762859235836e-02 1.057998527527400867e+01
9.549925860214358853e-02 1.063360102658132078e+01
9.660508789898131221e-02 1.068739740441374053e+01
9.772372209558111145e-02 1.074137506713423917e+01
9.885530946569390243e-02 1.079553462564289035e+01
1.000000000000000056e-01 1.084987669289836987e+01
1.011579454259898259e-01 1.090659492089539739e+01
1.023292992280753627e-01 1.096351196734073596e+01
1.035142166679343112e-01 1.102062852916685998e+01
1.047128548050900582e-01 1.107794530574927805e+01
1.059253725177289746e-01 1.113546512071167882e+01
1.071519305237607078e-01 1.120015637317579049e+01
1.083926914021203919e-01 1.126510178372384630e+01
1.096478196143185063e-01 1.133030235088855164e+01
1.109174815262400915e-01 1.139575907712564984e+01
1.122018454301963036e-01 1.146147296882930533e+01
1.135010815672314322e-01 1.152645160386720491e+01
1.148153621496884047e-01 1.159168156250066417e+01
1.161448613840343758e-01 1.165716393613791979e+01
1.174897554939530325e-01 1.172289970152856853e+01
1.188502227437018971e-01 1.178889499438054855e+01
1.202264434617413141e-01 1.188696069409608569e+01
1.216186000646367893e-01 1.198558814739367051e+01
1.230268770812381063e-01 1.208478057218832191e+01
1.244514611771384421e-01 1.218454120482834924e+01
1.258925411794166171e-01 1.228487428150167204e+01
1.273503081016662819e-01 1.238842449323470873e+01
1.288249551693134987e-01 1.249258341450625664e+01
1.303166778452299890e-01 1.259735462355432389e+01
1.318256738556407293e-01 1.270274171965123955e+01
1.333521432163324028e-01 1.280875278550801255e+01
1.348962882591653312e-01 1.296356271009500105e+01
1.364583136588923828e-01 1.311969386400901172e+01
1.380384264602883826e-01 1.327715752331611299e+01
1.396368361055939089e-01 1.343596506031824234e+01
1.412537544622755326e-01 1.359612794437448713e+01
1.428893958511103790e-01 1.375624328098460936e+01
1.445439770745927943e-01 1.391771294465348419e+01
1.462177174456718298e-01 1.408054860627714788e+01
1.479108388168207111e-01 1.424476182189881612e+01
1.496235656094432875e-01 1.441036424532331850e+01
1.513561248436207096e-01 1.464423604560065328e+01
1.531087461682031914e-01 1.488089564114464380e+01
1.548816618912482734e-01 1.512035916681489311e+01
1.566751070108150234e-01 1.536265984342437108e+01
1.584893192461114264e-01 1.560784927533601518e+01
1.603245390690041794e-01 1.596022272048836044e+01
1.621810097358929725e-01 1.631852629142166222e+01
1.640589773199538637e-01 1.668285978677928938e+01
1.659586907437559655e-01 1.705332468472532170e+01
1.678804018122558861e-01 1.743002417120937153e+01
1.698243652461746134e-01 1.788929892739410477e+01
1.717908387157589256e-01 1.835786530752663737e+01
1.737800828749376247e-01 1.883588717232021281e+01
1.757923613958693176e-01 1.932355532972430723e+01
1.778279410038922925e-01 1.982106443811746743e+01
1.798870915128787384e-01 2.032406664370262206e+01
1.819700858609982486e-01 2.083712817814608798e+01
1.840772001468954366e-01 2.136045034734441472e+01
1.862087136662869402e-01 2.189423835207482583e+01
1.883649089489801975e-01 2.243870149689141869e+01
1.905460717963248229e-01 2.293246045976069780e+01
1.927524913190936662e-01 2.343499622889855161e+01
1.949844599758045471e-01 2.394646744553214290e+01
1.972422736114853303e-01 2.446703298834607665e+01
1.995262314968878903e-01 2.499684751964789342e+01
2.018366363681559639e-01 2.546505816129268851e+01
2.041737944669531624e-01 2.594049730206057802e+01
2.065380155810531138e-01 2.642327653958489009e+01
2.089296130854040867e-01 2.691350919440616707e+01
2.113489039836647654e-01 2.741131033657110549e+01
2.137962089502232488e-01 2.786241576380698604e+01
2.162718523727020226e-01 2.831973419306113726e+01
2.187761623949551759e-01 2.878335336875236550e+01
2.213094709605636368e-01 2.925336009999033848e+01
2.238721138568342262e-01 2.972984051285344975e+01
2.264644307593061956e-01 3.016979081254081763e+01
2.290867652767774598e-01 3.061526177356128642e+01
2.317394649968479714e-01 3.106632267124342661e+01
2.344228815319922832e-01 3.152304365020854959e+01
2.371373705661655173e-01 3.198549573527903789e+01
2.398832919019489862e-01 3.241730890699634671e+01
2.426610095082414320e-01 3.285411043684698740e+01
2.454708915685028525e-01 3.329596644752721346e+01
2.483133105295572962e-01 3.374293542733150986e+01
2.511886431509582351e-01 3.419507654135560415e+01
2.540972705549306432e-01 3.461533268962169529e+01
2.570395782768864490e-01 3.504005258905403508e+01
2.600159563165271859e-01 3.546928827851572663e+01
2.630267991895381408e-01 3.590308777167322063e+01
2.660725059798808578e-01 3.634149332833905532e+01
2.691534803926913799e-01 3.674625541316852662e+01
2.722701308077915550e-01 3.715494897168656507e+01
2.754228703338169049e-01 3.756761219048686229e+01
2.786121168629772105e-01 3.798428362707163330e+01
2.818382931264454827e-01 3.840499890063548349e+01
2.851018267503909742e-01 3.879279179192776894e+01
2.884031503126605611e-01 3.918402315609260711e+01
2.917427014001165997e-01 3.957872348130025131e+01
2.951209226666384189e-01 3.997692352605272248e+01
2.985382618917963304e-01 4.037865160681047172e+01
3.019951720402019313e-01 4.074801409907004768e+01
3.054921113215515183e-01 4.112036130327224726e+01
3.090295432513592289e-01 4.149571733801484186e+01
3.126079367123955621e-01 4.187410651679101647e+01
3.162277660168379412e-01 4.225555334956435871e+01
3.198895109691397010e-01 4.260621706800555586e+01
3.235936569296281040e-01 4.295946265090722704e+01
3.273406948788379345e-01 4.331531129988164963e+01
3.311311214825914395e-01 4.367378219691816810e+01
3.349654391578279489e-01 4.403489466535798869e+01
3.388441561392027679e-01 4.436706231780195253e+01
3.427677865464504592e-01 4.470146041846449236e+01
3.467368504525316641e-01 4.503810857093063902e+01
3.507518739525679607e-01 4.537702191503848326e+01
3.548133892335753048e-01 4.571821569249704709e+01
3.589219346450049919e-01 4.603287161940394867e+01
3.630780547701017436e-01 4.634946269682853170e+01
3.672823004980849682e-01 4.666800516309583458e+01
3.715352290971727922e-01 4.698851104608250751e+01
3.758374042884443100e-01 4.731098997542009954e+01
3.801893963205612570e-01 4.760884143858658035e+01
3.845917820453535474e-01 4.790837817878744431e+01
3.890451449942805007e-01 4.820960973150943829e+01
3.935500754557772485e-01 4.851254568619216201e+01
3.981071705534977578e-01 4.881719482048505654e+01
4.027170343254594664e-01 4.910016811371784229e+01
4.073802778041130113e-01 4.938462021200319896e+01
4.120975190973303892e-01 4.967055884350630635e+01
4.168693834703355305e-01 4.995799177677958625e+01
4.216965034285822256e-01 5.024692457246878519e+01
4.265795188015925610e-01 5.051557640024005735e+01
4.315190768277650246e-01 5.078552684530279748e+01
4.365158322401656577e-01 5.105678218495234688e+01
4.415704473533129670e-01 5.132934872682749017e+01
4.466835921509634821e-01 5.160323280905691945e+01
4.518559443749226023e-01 5.185976240797072023e+01
4.570881896148751844e-01 5.211744637918891954e+01
4.623810213992603502e-01 5.237629140521312365e+01
4.677351412871981196e-01 5.263630271744453637e+01
4.731512589614803033e-01 5.289748557085580671e+01
4.786300923226380344e-01 5.314255122215855209e+01
4.841723675840998720e-01 5.338864592521270680e+01
4.897788193684466385e-01 5.363577636356039591e+01
4.954501908047905245e-01 5.388394689628609058e+01
5.011872336272724660e-01 5.413316124561564635e+01
5.069907082747044935e-01 5.436717696748636541e+01
5.128613839913648276e-01 5.460211364438966086e+01
5.188000389289609826e-01 5.483797490068970149e+01
5.248074602497723173e-01 5.507476437501390620e+01
5.308844442309890166e-01 5.531248572030958144e+01
5.370317963702532227e-01 5.553732821919173546e+01
5.432503314924336246e-01 5.576300309285859669e+01
5.495408738576248453e-01 5.598951468355793537e+01
5.559042572704037122e-01 5.621686609351999664e+01
5.623413251903490728e-01 5.644505975260352670e+01
5.688529308438413645e-01 5.666043599359657890e+01
5.754399373371565929e-01 5.687656312904320544e+01
5.821032177708709288e-01 5.709344377688527317e+01
5.888436553555895792e-01 5.731108056419198959e+01
5.956621435290109234e-01 5.752947587603066637e+01
6.025595860743581111e-01 5.773659171082454833e+01
6.095368972401693508e-01 5.794438996664110419e+01
6.165950018614821948e-01 5.815287289197307530e+01
6.237348354824191476e-01 5.836204274272171233e+01
6.309573444801930275e-01 5.857190178222118959e+01
6.382634861905482904e-01 5.877053322809963731e+01
6.456542290346563018e-01 5.896978101240607373e+01
6.531305526474729950e-01 5.916964812650412853e+01
6.606934480075964400e-01 5.937013649548109129e+01
6.683439175686148870e-01 5.957124805040825777e+01
6.760829753919819218e-01 5.976187603898085854e+01
6.839116472814292802e-01 5.995306381654680195e+01
6.918309709189363055e-01 6.014481314630232589e+01
6.998419960022731479e-01 6.033712567762518120e+01
7.079457843841387987e-01 6.053000306473764169e+01
7.161434102129027313e-01 6.071324528479001970e+01
7.244359600749905592e-01 6.089699706500107368e+01
7.328245331389044992e-01 6.108126009297053827e+01
7.413102413009177161e-01 6.126603579112953923e+01
7.498942093324558744e-01 6.145132535089241799e+01
7.585775750291835484e-01 6.162741338482049969e+01
7.673614893618185828e-01 6.180396572165629721e+01
7.762471166286911695e-01 6.198098358565782462e+01
7.852356346100726192e-01 6.215846820431121955e+01
7.943282347242821562e-01 6.233642058208769754e+01
8.035261221856176972e-01 6.250600480329141817e+01
8.128305161640995147e-01 6.267601402991634529e+01
8.222426499470711914e-01 6.284644932709456100e+01
8.317637711026708569e-01 6.301731176262771328e+01
8.413951416451947996e-01 6.318860228716314964e+01
8.511380382023758795e-01 6.335210714436155399e+01
8.609937521846016129e-01 6.351600216776820673e+01
8.709635899560814742e-01 6.368028828842363964e+01
8.810488730080147102e-01 6.384496643959028006e+01
8.912509381337458958e-01 6.401003755675752416e+01
9.015711376059570847e-01 6.416820087042604825e+01
9.120108393559096527e-01 6.432672490489638051e+01
9.225714271547628131e-01 6.448561052698180163e+01
9.332543007969904547e-01 6.464485856145078913e+01
9.440608762859244996e-01 6.480446983495286872e+01
9.549925860214368845e-01 6.495815141863113240e+01
9.660508789898141213e-01 6.511216910125988022e+01
9.772372209558111145e-01 6.526652427004155754e+01
9.885530946569390798e-01 6.542121766448155995e+01
1.000000000000000000e+00 6.557625002570563311e+01
1.011579454259898370e+00 6.572577602794598306e+01
1.023292992280753655e+00 6.587561734608134145e+01
1.035142166679343001e+00 6.602577464504022942e+01
1.047128548050900720e+00 6.617624859115353786e+01
1.059253725177289773e+00 6.632703808363082487e+01
1.071519305237607078e+00 6.647234573776367483e+01
1.083926914021203780e+00 6.661794804776823753e+01
1.096478196143185091e+00 6.676384561114980443e+01
1.109174815262400804e+00 6.691003902662512814e+01
1.122018454301962898e+00 6.705652889412517936e+01
1.135010815672314211e+00 6.719889426028275636e+01
1.148153621496884158e+00 6.734153908978055370e+01
1.161448613840343702e+00 6.748446446136195220e+01
1.174897554939530409e+00 6.762767092677383118e+01
1.188502227437018943e+00 6.777115814821141271e+01
1.202264434617413169e+00 6.790944672896071665e+01
1.216186000646367837e+00 6.804799691433095177e+01
1.230268770812381174e+00 6.818680919920733174e+01
1.244514611771384338e+00 6.832588407941118192e+01
1.258925411794168836e+00 6.846522205170204245e+01
1.273503081016662986e+00 6.860101087760634186e+01
1.288249551693134931e+00 6.873704835406023506e+01
1.303166778452300001e+00 6.887333614590443176e+01
1.318256738556407459e+00 6.900987471373106530e+01
1.333521432163323972e+00 6.914666404237586050e+01
1.348962882591653312e+00 6.927858714888080272e+01
1.364583136588923828e+00 6.941074393380587537e+01
1.380384264602883881e+00 6.954313481107102746e+01
1.396368361055939200e+00 6.967576019532944542e+01
1.412537544622755492e+00 6.980862050196860480e+01
1.428893958511103568e+00 6.993745832863106671e+01
1.445439770745927888e+00 7.006651642394258772e+01
1.462177174456718243e+00 7.019579580852951040e+01
1.479108388168207222e+00 7.032529686182532203e+01
1.496235656094432764e+00 7.045501996391388388e+01
1.513561248436207096e+00 7.058033317453215716e+01
1.531087461682031803e+00 7.070585242328378683e+01
1.548816618912482790e+00 7.083157921924770051e+01
1.566751070108150179e+00 7.095751390560506877e+01
1.584893192461114042e+00 7.108365590432735814e+01
1.603245390690041683e+00 7.120473038922806097e+01
1.621810097358929781e+00 7.132599671071606906e+01
1.640589773199538692e+00 7.144745517274715496e+01
1.659586907437559766e+00 7.156910607975845551e+01
1.678804018122562303e+00 7.169094973666977921e+01
1.698243652461745912e+00 7.180866186866158785e+01
1.717908387157589312e+00 7.192655255963650518e+01
1.737800828749376247e+00 7.204462342128842067e+01
1.757923613958693121e+00 7.216287472896966904e+01
1.778279410038922759e+00 7.228130675845335418e+01
1.798870915128787384e+00 7.239428902521284215e+01
1.819700858609982541e+00 7.250743560178290181e+01
1.840772001468954366e+00 7.262074688961109814e+01
1.862087136662869513e+00 7.273422312847321791e+01
1.883649089489802142e+00 7.284786455849383913e+01
1.905460717963248340e+00 7.295670941377144914e+01
1.927524913190936662e+00 7.306570560110453982e+01
1.949844599758045582e+00 7.317485353952115190e+01
1.972422736114853414e+00 7.328415344029835410e+01
1.995262314968878847e+00 7.339360495768428905e+01
2.018366363681559861e+00 7.349767163162809425e+01
2.041737944669531846e+00 7.360187587299976997e+01
2.065380155810531360e+00 7.370621786365180128e+01
2.089296130854040978e+00 7.381069778567727724e+01
2.113489039836647709e+00 7.391531582140986245e+01
2.137962089502232654e+00 7.401484498393492117e+01
2.162718523727019893e+00 7.411449894406349870e+01
2.187761623949551648e+00 7.421427806480194533e+01
2.213094709605636368e+00 7.431418250334601794e+01
2.238721138568342539e+00 7.441421217072601735e+01
2.264644307593061789e+00 7.450878389287618120e+01
2.290867652767774931e+00 7.460346777055859491e+01
2.317394649968479658e+00 7.469826393678187060e+01
2.344228815319922887e+00 7.479317252471248878e+01
2.371373705661655062e+00 7.488819366767474150e+01
2.398832919019489918e+00 7.499024891026067507e+01
2.426610095082414542e+00 7.509243558701838595e+01
2.454708915685028359e+00 7.519475226899956510e+01
2.483133105295572740e+00 7.529719912160105366e+01
2.511886431509582351e+00 7.539977631043014128e+01
2.540972705549306543e+00 7.547681981728160849e+01
2.570395782768864823e+00 7.555393367948789773e+01
2.600159563165272303e+00 7.563112113091547428e+01
2.630267991895381297e+00 7.570838224179014730e+01
2.660725059798808356e+00 7.578571708240447435e+01
2.691534803926913799e+00 7.586312572311835822e+01
2.722701308077915439e+00 7.594060823435860641e+01
2.754228703338168938e+00 7.601816468661947113e+01
2.786121168629771994e+00 7.609579515046222298e+01
2.818382931264455049e+00 7.617349923869144845e+01
2.851018267503909964e+00 7.624620534461537602e+01
2.884031503126605500e+00 7.631897630843452873e+01
2.917427014001165997e+00 7.639181218800564466e+01
2.951209226666383856e+00 7.646471304123726043e+01
2.985382618917963082e+00 7.653767892608955492e+01
3.019951720402019202e+00 7.661070990057420715e+01
3.054921113215515405e+00 7.668380602275496472e+01
3.090295432513591845e+00 7.675696735074703270e+01
3.126079367123955954e+00 7.683019394271769897e+01
3.162277660168379523e+00 7.690348585688616367e+01
3.198895109691397121e+00 7.696668200109330371e+01
3.235936569296280929e+00 7.702992605747304822e+01
3.273406948788379456e+00 7.709321871588959141e+01
3.311311214825914284e+00 7.715656001369288219e+01
3.349654391578279267e+00 7.721994998826134804e+01
3.388441561392027346e+00 7.728338867700244919e+01
3.427677865464504592e+00 7.734687611735209600e+01
3.467368504525316641e+00 7.741041234677518901e+01
3.507518739525679496e+00 7.747399740276541991e+01
3.548133892335753270e+00 7.753763132284505843e+01
3.589219346450049919e+00 7.759210635835269443e+01
3.630780547701017547e+00 7.764661582637191373e+01
3.672823004980850126e+00 7.770116112638243067e+01
3.715352290971727811e+00 7.775574228193839588e+01
3.758374042884443433e+00 7.781035931660971983e+01
3.801893963205612792e+00 7.786501225398151860e+01
3.845917820453535363e+00 7.791970111765469653e+01
3.890451449942804896e+00 7.797442593124539201e+01
3.935500754557772485e+00 7.802918671838557430e+01
3.981071705534977578e+00 7.808398319851802682e+01
4.027170343254594442e+00 7.813063597962917584e+01
4.073802778041129891e+00 7.817731485311543338e+01
4.120975190973304336e+00 7.822401983356998301e+01
4.168693834703354639e+00 7.827075093559415109e+01
4.216965034285822256e+00 7.831750817379742102e+01
4.265795188015925277e+00 7.836429156279749009e+01
4.315190768277649802e+00 7.841110111722019838e+01
4.365158322401656577e+00 7.845793685169947196e+01
4.415704473533129892e+00 7.850479878087770658e+01
4.466835921509634488e+00 7.855168691940521342e+01
4.518559443749226467e+00 7.859142660032840411e+01
4.570881896148751622e+00 7.863118453886434622e+01
4.623810213992602947e+00 7.867096131268851877e+01
4.677351412871980862e+00 7.871075693072413060e+01
4.731512589614802700e+00 7.875057140189859695e+01
4.786300923226380455e+00 7.879040473514359633e+01
4.841723675840999164e+00 7.883025693939498524e+01
4.897788193684466052e+00 7.887012802359292607e+01
4.954501908047905800e+00 7.891001799668183025e+01
5.011872336272724660e+00 7.894992661368731035e+01
5.069907082747044491e+00 7.898358026383542096e+01
5.128613839913648498e+00 7.901724735207611161e+01
5.188000389289609160e+00 7.905092788377511681e+01
5.248074602497722729e+00 7.908462186430064378e+01
5.308844442309889722e+00 7.911832929902280398e+01
5.370317963702532893e+00 7.915205019331395420e+01
5.432503314924336024e+00 7.918578455254849757e+01
5.495408738576248453e+00 7.921953238210318204e+01
5.559042572704036900e+00 7.925329368735667401e+01
5.623413251903491172e+00 7.928706820737387773e+01
5.688529308438413423e+00 7.931555246034102424e+01
5.754399373371566817e+00 7.934404630177407114e+01
5.821032177708709732e+00 7.937254973490063037e+01
5.888436553555895792e+00 7.940106276294964971e+01
5.956621435290109901e+00 7.942958538915087274e+01
6.025595860743581333e+00 7.945811761673539309e+01
6.095368972401693952e+00 7.948665944893510016e+01
6.165950018614822170e+00 7.951521088898331868e+01
6.237348354824191254e+00 7.954377194011408392e+01
6.309573444801929831e+00 7.957234260556289485e+01
6.382634861905482460e+00 7.959646175159251413e+01
6.456542290346562574e+00 7.962058734666001669e+01
6.531305526474729284e+00 7.964471979519704803e+01
6.606934480075964622e+00 7.966885909915035313e+01
6.683439175686149092e+00 7.969300526046751543e+01
6.760829753919819218e+00 7.971715828109640256e+01
6.839116472814292358e+00 7.974131816298563535e+01
6.918309709189363055e+00 7.976548490808440306e+01
6.998419960022730812e+00 7.978965851834222178e+01
7.079457843841387543e+00 7.981383899570946028e+01
7.161434102129026869e+00 7.983456785839504732e+01
7.244359600749906036e+00 7.985530167612323282e+01
7.328245331389044104e+00 7.987604054159233158e+01
7.413102413009177383e+00 7.989678445603124146e+01
7.498942093324558300e+00 7.991753342066908772e+01
7.585775750291835706e+00 7.993828743673550719e+01
7.673614893618185384e+00 7.995904650546022197e+01
7.762471166286911917e+00 7.997981062807330943e+01
7.852356346100726192e+00 8.000057980580510275e+01
7.943282347242821118e+00 8.002135403988644669e+01
8.035261221856176306e+00 8.003946359971456559e+01
8.128305161640994925e+00 8.005757677847390141e+01
8.222426499470712358e+00 8.007569380035592133e+01
8.317637711026709013e+00 8.009381466617598733e+01
8.413951416451947551e+00 8.011193937674980248e+01
8.511380382023759239e+00 8.013006793289297036e+01
8.609937521846015684e+00 8.014820033542157773e+01
8.709635899560813854e+00 8.016633658515164029e+01
8.810488730080146880e+00 8.018447668289935848e+01
8.912509381337459402e+00 8.020262062948131643e+01
9.015711376059570625e+00 8.021751136799623794e+01
9.120108393559096527e+00 8.023240467924712505e+01
9.225714271547628798e+00 8.024730058331955718e+01
9.332543007969904991e+00 8.026219908066477160e+01
9.440608762859245218e+00 8.027710017173430401e+01
9.549925860214369067e+00 8.029200385697978959e+01
9.660508789898141657e+00 8.030691013685270718e+01
9.772372209558112033e+00 8.032181901180481987e+01
9.885530946569391020e+00 8.033673048228801861e+01
1.000000000000000000e+01 8.035164454875399542e+01
1.011579454259898192e+01 8.036490825633397606e+01
1.023292992280753566e+01 8.037817401715324195e+01
1.035142166679345088e+01 8.039144183152949097e+01
1.047128548050900676e+01 8.040471169978076205e+01
1.059253725177289773e+01 8.041798436654109139e+01
1.071519305237607078e+01 8.043369541860903382e+01
1.083926914021203913e+01 8.044940934929519472e+01
1.096478196143185180e+01 8.046512615912710942e+01
1.109174815262400848e+01 8.048084584863227064e+01
1.122018454301962898e+01 8.049656841833831322e+01
1.135010815672314344e+01 8.051283426928634412e+01
1.148153621496884114e+01 8.052910326760340354e+01
1.161448613840343747e+01 8.054537534921524866e+01
1.174897554939530231e+01 8.056165051470632932e+01
1.188502227437018988e+01 8.057792897189749226e+01
1.202264434617413080e+01 8.059548361021339247e+01
1.216186000646367837e+01 8.061304183566653592e+01
1.230268770812381085e+01 8.063060364898987586e+01
1.244514611771384338e+01 8.064816905091669241e+01
1.258925411794168703e+01 8.066573855337912846e+01
1.273503081016662897e+01 8.068468051993436063e+01
1.288249551693134975e+01 8.070362665874289121e+01
1.303166778452300001e+01 8.072257697072389249e+01
1.318256738556407370e+01 8.074153145679646570e+01
1.333521432163323972e+01 8.076049028105410343e+01
1.348962882591653312e+01 8.078120273932111672e+01
1.364583136588923828e+01 8.080192018075690896e+01
1.380384264602886724e+01 8.082264260656027943e+01
1.396368361055939111e+01 8.084337001793041111e+01
1.412537544622755448e+01 8.086410241606677118e+01
1.428893958511103612e+01 8.088743172212885213e+01
1.445439770745928065e+01 8.091076773397747957e+01
1.462177174456718376e+01 8.093411006202327940e+01
1.479108388168207178e+01 8.095745870797564692e+01
1.496235656094432720e+01 8.098081367354475901e+01
1.513561248436207229e+01 8.100697121665143641e+01
1.531087461682031936e+01 8.103313739261012927e+01
1.548816618912482745e+01 8.105931149871496189e+01
1.566751070108150046e+01 8.108549353736933085e+01
1.584893192461114175e+01 8.111168407770156819e+01
1.603245390690041816e+01 8.114112218400012466e+01
1.621810097358929781e+01 8.117057031552079138e+01
1.640589773199538826e+01 8.120002847567785409e+01
1.659586907437559589e+01 8.122949666788642276e+01
1.678804018122562525e+01 8.125897567671196953e+01
1.698243652461745867e+01 8.129222277720525369e+01
1.717908387157589445e+01 8.132548264333409804e+01
1.737800828749376336e+01 8.135875528000012480e+01
1.757923613958693210e+01 8.139204069210659043e+01
1.778279410038922848e+01 8.142533888455884039e+01
1.798870915128787473e+01 8.146235482988166154e+01
1.819700858609982674e+01 8.149938667554027916e+01
1.840772001468958052e+01 8.153643432155007531e+01
1.862087136662869469e+01 8.157349777465272211e+01
1.883649089489802009e+01 8.161057704159247805e+01
1.905460717963248385e+01 8.165212156783243813e+01
1.927524913190936573e+01 8.169368613291013048e+01
1.949844599758045405e+01 8.173527055957671905e+01
1.972422736114853592e+01 8.177687485732303685e+01
1.995262314968878670e+01 8.181849949628133345e+01
2.018366363681559505e+01 8.186471673999690779e+01
2.041737944669531757e+01 8.191095849384603866e+01
2.065380155810531093e+01 8.195722477082705382e+01
2.089296130854040712e+01 8.200351558394523011e+01
2.113489039836647621e+01 8.204983094621253770e+01
2.137962089502232388e+01 8.210078233230514400e+01
2.162718523727020070e+01 8.215176361018878026e+01
2.187761623949552003e+01 8.220277461531219387e+01
2.213094709605636368e+01 8.225381536500938751e+01
2.238721138568342184e+01 8.230488610053602372e+01
2.264644307593061967e+01 8.236105826753316705e+01
2.290867652767774842e+01 8.241726643953346354e+01
2.317394649968479570e+01 8.247351063961508544e+01
2.344228815319922532e+01 8.252979089087131115e+01
2.371373705661655151e+01 8.258610789888250281e+01
2.398832919019490006e+01 8.264749179899632736e+01
2.426610095082414276e+01 8.270891855771549217e+01
2.454708915685033688e+01 8.277038820496397875e+01
2.483133105295572918e+01 8.283190077068687174e+01
2.511886431509581996e+01 8.289345628485018835e+01
2.540972705549306454e+01 8.296051886479395421e+01
2.570395782768864734e+01 8.302763309656310753e+01
2.600159563165272303e+01 8.309479834507399687e+01
2.630267991895381385e+01 8.316201464910687946e+01
2.660725059798808445e+01 8.322928289924267631e+01
2.691534803926914066e+01 8.330176223874330788e+01
2.722701308077915527e+01 8.337430089698301572e+01
2.754228703338169026e+01 8.344689892250961805e+01
2.786121168629772171e+01 8.351955636391062399e+01
2.818382931264455138e+01 8.359227372774434173e+01
2.851018267503909698e+01 8.367012353574808969e+01
2.884031503126605855e+01 8.374804149943740583e+01
2.917427014001166086e+01 8.382602767848099745e+01
2.951209226666383856e+01 8.390408213259981096e+01
2.985382618917963171e+01 8.398220492156715977e+01
3.019951720402019291e+01 8.406627456670899790e+01
3.054921113215515405e+01 8.415042461013028685e+01
3.090295432513591933e+01 8.423465386479645645e+01
3.126079367123955777e+01 8.431896240526995712e+01
3.162277660168379256e+01 8.440335030618319934e+01
3.198895109691397209e+01 8.449292218205664540e+01
3.235936569296281107e+01 8.458258379654348857e+01
3.273406948788386472e+01 8.467233491112858701e+01
3.311311214825914817e+01 8.476217561515083787e+01
3.349654391578279444e+01 8.485210654212643533e+01
3.388441561392027523e+01 8.494690945689494299e+01
3.427677865464504947e+01 8.504181203159781433e+01
3.467368504525316553e+01 8.513681437100085247e+01
3.507518739525679763e+01 8.523191657997996629e+01
3.548133892335753359e+01 8.532711921615877770e+01
3.589219346450050097e+01 8.542717694830605524e+01
3.630780547701017724e+01 8.552734511297801134e+01
3.672823004980850214e+01 8.562762383205759420e+01
3.715352290971728166e+01 8.572801322756239983e+01
3.758374042884442900e+01 8.582851382990973832e+01
3.801893963205612437e+01 8.593349941940414283e+01
3.845917820453535541e+01 8.603860591821447201e+01
3.890451449942804629e+01 8.614383346558889798e+01
3.935500754557772041e+01 8.624918220093626076e+01
3.981071705534977667e+01 8.635465240517544316e+01
4.027170343254594798e+01 8.646404695681023611e+01
4.073802778041130068e+01 8.657357203304594861e+01
4.120975190973304336e+01 8.668322778961866959e+01
4.168693834703355350e+01 8.679301438245005329e+01
4.216965034285822611e+01 8.690293230663189661e+01
4.265795188015925277e+01 8.701625408651514704e+01
4.315190768277650335e+01 8.712971509818758875e+01
4.365158322401665458e+01 8.724331551271502860e+01
4.415704473533129715e+01 8.735705550137345199e+01
4.466835921509634488e+01 8.747093523564953443e+01
4.518559443749226290e+01 8.758732432801619439e+01
4.570881896148751622e+01 8.770385958065472209e+01
4.623810213992603479e+01 8.782054098894428762e+01
4.677351412871981040e+01 8.793736873618971117e+01
4.731512589614802522e+01 8.805434312490221771e+01
4.786300923226380633e+01 8.817396998975266342e+01
4.841723675840999164e+01 8.829375009774521743e+01
4.897788193684466052e+01 8.841368364518596934e+01
4.954501908047905090e+01 8.853377082863212877e+01
5.011872336272725192e+01 8.865401187545330686e+01
5.069907082747044313e+01 8.877516267074270218e+01
5.128613839913648320e+01 8.889646963554243086e+01
5.188000389289609160e+01 8.901793297116282133e+01
5.248074602497722907e+01 8.913955287917394799e+01
5.308844442309889899e+01 8.926132954430400446e+01
5.370317963702532893e+01 8.938302760596751284e+01
5.432503314924336024e+01 8.950488223948593713e+01
5.495408738576248453e+01 8.962689364629838451e+01
5.559042572704036900e+01 8.974906202810298339e+01
5.623413251903490817e+01 8.987138758590194243e+01
5.688529308438413068e+01 8.999385147107068406e+01
5.754399373371566639e+01 9.011647288886344143e+01
5.821032177708721633e+01 9.023925204192401850e+01
5.888436553555895614e+01 9.036218913315657630e+01
5.956621435290109190e+01 9.048528436572658507e+01
6.025595860743580801e+01 9.060843754405635764e+01
6.095368972401693952e+01 9.073174898542400513e+01
6.165950018614822170e+01 9.085521892043323078e+01
6.237348354824191432e+01 9.097884755279767433e+01
6.309573444801930009e+01 9.110263492357837833e+01
6.382634861905482637e+01 9.122314178002623919e+01
6.456542290346563107e+01 9.134379922685438657e+01
6.531305526474729106e+01 9.146460745224662503e+01
6.606934480075963734e+01 9.158556664462221875e+01
6.683439175686149269e+01 9.170667699263572104e+01
6.760829753919819041e+01 9.182602762959710674e+01
6.839116472814292536e+01 9.194552504108240498e+01
6.918309709189362877e+01 9.206516942808967485e+01
6.998419960022731345e+01 9.218496097139087908e+01
7.079457843841387898e+01 9.230489985198067870e+01
7.161434102129027224e+01 9.242193767010049044e+01
7.244359600749905326e+01 9.253911570342172865e+01
7.328245331389044281e+01 9.265643420067236491e+01
7.413102413009177383e+01 9.277389333022944129e+01
7.498942093324558300e+01 9.289149313238048933e+01
7.585775750291836061e+01 9.300393670881894082e+01
7.673614893618186272e+01 9.311650900956330190e+01
7.762471166286927371e+01 9.322921018197573062e+01
7.852356346100725659e+01 9.334204037358740891e+01
7.943282347242821118e+01 9.345499968409258429e+01
8.035261221856177372e+01 9.356621590288550294e+01
8.128305161640994925e+01 9.367755733284161579e+01
8.222426499470712713e+01 9.378902411492809676e+01
8.317637711026708303e+01 9.390061639027081242e+01
8.413951416451946841e+01 9.401233421390864464e+01
8.511380382023759239e+01 9.411827319598133101e+01
8.609937521846016750e+01 9.422432515115382046e+01
8.709635899560814210e+01 9.433049019990035333e+01
8.810488730080146524e+01 9.443676846282359350e+01
8.912509381337459047e+01 9.454316006065505462e+01
9.015711376059570625e+01 9.464394560818290358e+01
9.120108393559097237e+01 9.474483282695283037e+01
9.225714271547629153e+01 9.484582185404835286e+01
9.332543007969904636e+01 9.494691279220741364e+01
9.440608762859245928e+01 9.504810574427135350e+01
9.549925860214368356e+01 9.514521646546228340e+01
9.660508789898140947e+01 9.524242108820416775e+01
9.772372209558110967e+01 9.533971975096902440e+01
9.885530946569390665e+01 9.543711254473535632e+01
1.000000000000000000e+02 9.553459956056947533e+01
1.011579454259898228e+02 9.562638846275945070e+01
1.023292992280753566e+02 9.571826089436248708e+01
1.035142166679345195e+02 9.581021693139182105e+01
1.047128548050900605e+02 9.590225664992959764e+01
1.059253725177289738e+02 9.599437888628492033e+01
1.071519305237606972e+02 9.608252371891424559e+01
1.083926914021203913e+02 9.617074523075218906e+01
1.096478196143185073e+02 9.625904348850360748e+01
1.109174815262400955e+02 9.634741855893159368e+01
1.122018454301963004e+02 9.643587050885726342e+01
1.135010815672314379e+02 9.651654972497442486e+01
1.148153621496884114e+02 9.659729196256128603e+01
1.161448613840343853e+02 9.667809821092646416e+01
1.174897554939530266e+02 9.675896852081655197e+01
1.188502227437018917e+02 9.683990238177506171e+01
1.202264434617413116e+02 9.691745058066176455e+01
1.216186000646367944e+02 9.699505763928691238e+01
1.230268770812381121e+02 9.707272360232543917e+01
1.244514611771384409e+02 9.715044851448620022e+01
1.258925411794168809e+02 9.722823093284003448e+01
1.273503081016663003e+02 9.730208664147578190e+01
1.288249551693134833e+02 9.737599553588759704e+01
1.303166778452300036e+02 9.744995765437620605e+01
1.318256738556407299e+02 9.752397303526991834e+01
1.333521432163323936e+02 9.759804094694567311e+01
1.348962882591653170e+02 9.766390321494304771e+01
1.364583136588923935e+02 9.772980762711458169e+01
1.380384264602886617e+02 9.779575421042744665e+01
1.396368361055939147e+02 9.786174299186644987e+01
1.412537544622755377e+02 9.792777399843326691e+01
1.428893958511103790e+02 9.799035458266634180e+01
1.445439770745927888e+02 9.805297256668261241e+01
1.462177174456718376e+02 9.811562850055837259e+01
1.479108388168207284e+02 9.817832240729333648e+01
1.496235656094432898e+02 9.824105430990123011e+01
1.513561248436207052e+02 9.829883497010146698e+01
1.531087461682031972e+02 9.835664660593369035e+01
1.548816618912482852e+02 9.841449049310899966e+01
1.566751070108150259e+02 9.847236664961936015e+01
1.584893192461114211e+02 9.853027447755745527e+01
1.603245390690041745e+02 9.858469304766853725e+01
1.621810097358929852e+02 9.863914013076517051e+01
1.640589773199538683e+02 9.869361574178704188e+01
1.659586907437559660e+02 9.874811989568154047e+01
1.678804018122562240e+02 9.880265160502213462e+01
1.698243652461746080e+02 9.885238882976578623e+01
1.717908387157589516e+02 9.890214981055136434e+01
1.737800828749376194e+02 9.895193455872566801e+01
1.757923613958693068e+02 9.900174308564058379e+01
1.778279410038922776e+02 9.905157540265372518e+01
1.798870915128787260e+02 9.909648886316529115e+01
1.819700858609982674e+02 9.914142150652445196e+01
1.840772001468958194e+02 9.918637348341465554e+01
1.862087136662869398e+02 9.923134480215486519e+01
1.883649089489802009e+02 9.927633547106727008e+01
1.905460717963248385e+02 9.931780896133234648e+01
1.927524913190936502e+02 9.935929711378061313e+01
1.949844599758045547e+02 9.940080171433790213e+01
1.972422736114853308e+02 9.944232276952509153e+01
1.995262314968878741e+02 9.948385995574419383e+01
2.018366363681559790e+02 9.952213691672955065e+01
2.041737944669531544e+02 9.956042785600702416e+01
2.065380155810531164e+02 9.959873277868133812e+01
2.089296130854040712e+02 9.963705168985904947e+01
2.113489039836647692e+02 9.967538459464860523e+01
2.137962089502232459e+02 9.971043165114811302e+01
2.162718523727019999e+02 9.974549027479167762e+01
2.187761623949551790e+02 9.978056059965561531e+01
2.213094709605636581e+02 9.981564262964528211e+01
2.238721138568342326e+02 9.985073636866758306e+01
2.264644307593061967e+02 9.988152066678752306e+01
2.290867652767774700e+02 9.991231248824571765e+01
2.317394649968479712e+02 9.994311332137647241e+01
2.344228815319922603e+02 9.997392316881698093e+01
2.371373705661655151e+02 1.000047418417593690e+02
2.398832919019489793e+02 1.000341588446369201e+02
2.426610095082414205e+02 1.000635840628091131e+02
2.454708915685033617e+02 1.000930174985704326e+02
2.483133105295572989e+02 1.001224591542156190e+02
2.511886431509582280e+02 1.001519090320403222e+02
2.540972705549306454e+02 1.001798741909387473e+02
2.570395782768864592e+02 1.002078465795781170e+02
2.600159563165271948e+02 1.002358263841188375e+02
2.630267991895381670e+02 1.002638136065270658e+02
2.660725059798808729e+02 1.002918075354910741e+02
2.691534803926913924e+02 1.003154902611910444e+02
2.722701308077915314e+02 1.003391782970524702e+02
2.754228703338168884e+02 1.003628716442658941e+02
2.786121168629772455e+02 1.003865703040221575e+02
2.818382931264454783e+02 1.004102741095495190e+02
2.851018267503909556e+02 1.004321237198662828e+02
2.884031503126605571e+02 1.004539778450494936e+02
2.917427014001165730e+02 1.004758364860320370e+02
2.951209226666384211e+02 1.004976996437470547e+02
2.985382618917963100e+02 1.005195670996158981e+02
3.019951720402019077e+02 1.005385578798505861e+02
3.054921113215515334e+02 1.005575520672605734e+02
3.090295432513592004e+02 1.005765496624571398e+02
3.126079367123955990e+02 1.005955506660515937e+02
3.162277660168379612e+02 1.006145550786556413e+02
3.198895109691397352e+02 1.006314965538940527e+02
3.235936569296280823e+02 1.006484406053823477e+02
3.273406948788386330e+02 1.006653873663409229e+02
3.311311214825914249e+02 1.006823368372030529e+02
3.349654391578279160e+02 1.006992890184020553e+02
3.388441561392027666e+02 1.007165107424144708e+02
3.427677865464504521e+02 1.007337353024560969e+02
3.467368504525316553e+02 1.007509626601764694e+02
3.507518739525679621e+02 1.007681928160300089e+02
3.548133892335753217e+02 1.007854255199381583e+02
3.589219346450049670e+02 1.008000315787508470e+02
3.630780547701017440e+02 1.008146396479776570e+02
3.672823004980849646e+02 1.008292497278952879e+02
3.715352290971727598e+02 1.008438618187804963e+02
3.758374042884443043e+02 1.008584759209099957e+02
3.801893963205612863e+02 1.008716561339082745e+02
3.845917820453535114e+02 1.008848374530497409e+02
3.890451449942804629e+02 1.008980204081954071e+02
3.935500754557772325e+02 1.009112049995483318e+02
3.981071705534977241e+02 1.009243911865046783e+02
4.027170343254595082e+02 1.009364822933747377e+02
4.073802778041130068e+02 1.009485747761330430e+02
4.120975190973304052e+02 1.009606686349362406e+02
4.168693834703354923e+02 1.009727638699409340e+02
4.216965034285822753e+02 1.009848604813037127e+02
4.265795188015925419e+02 1.009934320055116501e+02
4.315190768277649909e+02 1.010020038600355718e+02
4.365158322401665600e+02 1.010105764056239366e+02
4.415704473533129999e+02 1.010191496423324793e+02
4.466835921509634773e+02 1.010277235702168923e+02
4.518559443749226148e+02 1.010379707260227775e+02
4.570881896148752048e+02 1.010482193271443379e+02
4.623810213992603622e+02 1.010584689157185210e+02
4.677351412871981324e+02 1.010687194918405538e+02
4.731512589614802664e+02 1.010789710556054075e+02
4.786300923226380064e+02 1.010903763602759255e+02
4.841723675840999022e+02 1.011017830442584255e+02
4.897788193684466478e+02 1.011131909508623039e+02
4.954501908047905658e+02 1.011246000802186131e+02
5.011872336272724624e+02 1.011360102152546290e+02
5.069907082747044456e+02 1.011420568460424505e+02
5.128613839913648462e+02 1.011481038202411185e+02
5.188000389289609302e+02 1.011541511378699454e+02
5.248074602497722481e+02 1.011601987989486275e+02
5.308844442309889473e+02 1.011662469005852074e+02
5.370317963702532325e+02 1.011736311445148573e+02
5.432503314924335882e+02 1.011810159004513991e+02
5.495408738576247742e+02 1.011884011684301470e+02
5.559042572704037184e+02 1.011957869484867842e+02
5.623413251903490391e+02 1.012031731702949315e+02
5.688529308438413636e+02 1.012091590604965319e+02
5.754399373371566071e+02 1.012151452870320014e+02
5.821032177708722202e+02 1.012211318499202122e+02
5.888436553555895898e+02 1.012271187491799935e+02
5.956621435290109048e+02 1.012331059429798756e+02
6.025595860743580943e+02 1.012370938004295198e+02
6.095368972401693100e+02 1.012410818071140426e+02
6.165950018614821602e+02 1.012450699630390432e+02
6.237348354824191574e+02 1.012490582682100921e+02
6.309573444801930009e+02 1.012530468966523074e+02
6.382634861905495427e+02 1.012607053056769786e+02
6.456542290346562822e+02 1.012683642649857347e+02
6.531305526474729959e+02 1.012760237746179968e+02
6.606934480075964302e+02 1.012836838346135266e+02
6.683439175686148701e+02 1.012913444450117595e+02
6.760829753919819041e+02 1.012956688281592790e+02
6.839116472814292820e+02 1.012999933509479433e+02
6.918309709189362593e+02 1.013043180491297193e+02
6.998419960022730493e+02 1.013086429227117407e+02
7.079457843841387330e+02 1.013129679717011271e+02
7.161434102129027224e+02 1.013165736878323742e+02
7.244359600749905894e+02 1.013201795068411286e+02
7.328245331389044850e+02 1.013237854477652888e+02
7.413102413009177099e+02 1.013273915106091607e+02
7.498942093324558300e+02 1.013309977031737930e+02
7.585775750291835493e+02 1.013349255946326650e+02
7.673614893618185988e+02 1.013388536307390524e+02
7.762471166286927655e+02 1.013427818114983836e+02
7.852356346100725659e+02 1.013467101369160730e+02
7.943282347242821970e+02 1.013506385835726178e+02
8.035261221856177372e+02 1.013536545266961468e+02
8.128305161640995493e+02 1.013566705550823173e+02
8.222426499470711860e+02 1.013596866687335023e+02
8.317637711026708303e+02 1.013627028676521178e+02
8.413951416451947125e+02 1.013657191518405796e+02
8.511380382023776292e+02 1.013687916738813470e+02
8.609937521846015898e+02 1.013718642951761382e+02
8.709635899560814778e+02 1.013749370049532672e+02
8.810488730080146524e+02 1.013780098032152495e+02
8.912509381337458763e+02 1.013810826899645718e+02
9.015711376059570057e+02 1.013831851296052946e+02
9.120108393559096385e+02 1.013852874156032584e+02
9.225714271547628869e+02 1.013873897430167830e+02
9.332543007969904920e+02 1.013894921118465788e+02
9.440608762859245644e+02 1.013915945220936550e+02
9.549925860214368640e+02 1.013947008386639794e+02
9.660508789898141231e+02 1.013978072570754279e+02
9.772372209558111535e+02 1.014009137659044626e+02
9.885530946569390380e+02 1.014040203651537126e+02
1.000000000000000000e+03 1.014071270548258212e+02
1.011579454259900331e+03 1.014088160189004242e+02
1.023292992280753651e+03 1.014105050097003726e+02
1.035142166679345110e+03 1.014121940272260787e+02
1.047128548050898416e+03 1.014138830714780681e+02
1.059253725177289652e+03 1.014155721919750306e+02
1.071519305237604840e+03 1.014174234006454185e+02
1.083926914021203856e+03 1.014192746414196620e+02
1.096478196143187233e+03 1.014211259142985568e+02
1.109174815262400898e+03 1.014229772192825294e+02
1.122018454301965221e+03 1.014248285563721623e+02
1.135010815672314266e+03 1.014264257138764407e+02
1.148153621496884170e+03 1.014280228648534035e+02
1.161448613840341523e+03 1.014296200397246679e+02
1.174897554939530210e+03 1.014312172384907740e+02
1.188502227437016472e+03 1.014328144495755595e+02
1.202264434617413144e+03 1.014343405813892787e+02
1.216186000646370303e+03 1.014358667350183225e+02
1.230268770812381035e+03 1.014373929104630321e+02
1.244514611771386853e+03 1.014389191077237058e+02
1.258925411794166166e+03 1.014404453268007558e+02
1.273503081016662918e+03 1.014406613278855929e+02
1.288249551693132389e+03 1.014408769145079674e+02
1.303166778452299923e+03 1.014410925015656346e+02
1.318256738556410028e+03 1.014413080890586230e+02
1.333521432163324107e+03 1.014415237450336491e+02
1.348962882591656125e+03 1.014424687957061195e+02
1.364583136588923935e+03 1.014434138547433264e+02
1.380384264602886560e+03 1.014443589221454403e+02
1.396368361055936248e+03 1.014453039979123616e+02
1.412537544622755377e+03 1.014462490820442468e+02
1.428893958511100664e+03 1.014476865713830449e+02
1.445439770745927945e+03 1.014491241544306632e+02
1.462177174456721332e+03 1.014505617568329399e+02
1.479108388168207284e+03 1.014519993785900454e+02
1.496235656094435853e+03 1.014534369808488492e+02
1.513561248436207279e+03 1.014547563092180837e+02
1.531087461682031972e+03 1.014560756538878650e+02
1.548816618912479498e+03 1.014573950148582071e+02
1.566751070108150088e+03 1.014587143921295080e+02
1.584893192461110857e+03 1.014600336585394729e+02
1.603245390690041859e+03 1.014606262561540859e+02
1.621810097358933263e+03 1.014612188570572187e+02
1.640589773199538740e+03 1.014618114612487858e+02
1.659586907437563013e+03 1.014624040687288158e+02
1.678804018122559000e+03 1.014629966794973086e+02
1.698243652461746024e+03 1.014638548458806042e+02
1.717908387157585821e+03 1.014647131013727090e+02
1.737800828749376251e+03 1.014655713637621943e+02
1.757923613958696706e+03 1.014664296330492164e+02
1.778279410038922833e+03 1.014672879092336615e+02
1.798870915128791012e+03 1.014682044151466442e+02
1.819700858609982561e+03 1.014691209306027133e+02
1.840772001468958251e+03 1.014700374539239789e+02
1.862087136662865532e+03 1.014709539851105689e+02
1.883649089489802009e+03 1.014718705241625543e+02
1.905460717963244406e+03 1.014720391652458886e+02
1.927524913190936559e+03 1.014722077751929845e+02
1.949844599758049526e+03 1.014723763854062781e+02
1.972422736114853478e+03 1.014725449958858547e+02
1.995262314968882947e+03 1.014727136113097430e+02
2.018366363681559733e+03 1.014729286446974754e+02
2.041737944669531771e+03 1.014731436785180705e+02
2.065380155810526958e+03 1.014733587127715850e+02
2.089296130854040712e+03 1.014735737474581612e+02
2.113489039836643315e+03 1.014737887825775573e+02
2.137962089502232629e+03 1.014748452558842189e+02
2.162718523727024603e+03 1.014759017728462140e+02
2.187761623949551904e+03 1.014769583002592555e+02
2.213094709605641128e+03 1.014780148381234426e+02
2.238721138568337665e+03 1.014790713527316086e+02
2.264644307593061967e+03 1.014793648604460969e+02
2.290867652767769869e+03 1.014796583689671365e+02
2.317394649968479825e+03 1.014799518782947274e+02
2.344228815319927435e+03 1.014802453884288695e+02
2.371373705661655094e+03 1.014805389038436942e+02
2.398832919019494966e+03 1.014808653782033048e+02
2.426610095082414318e+03 1.014811918535608015e+02
2.454708915685033389e+03 1.014815183299161987e+02
2.483133105295567930e+03 1.014818448072694963e+02
2.511886431509582053e+03 1.014821712856206801e+02
2.540972705549301281e+03 1.014827272881746154e+02
2.570395782768864592e+03 1.014832833219485906e+02
2.600159563165277632e+03 1.014838393586170042e+02
2.630267991895381329e+03 1.014843953981800411e+02
2.660725059798814073e+03 1.014849513798337597e+02
2.691534803926913810e+03 1.014851393091222747e+02
2.722701308077915655e+03 1.014853272387414194e+02
2.754228703338163086e+03 1.014855151686912222e+02
2.786121168629772001e+03 1.014857030989716549e+02
2.818382931264449326e+03 1.014858910295828167e+02
2.851018267503909556e+03 1.014860853055010068e+02
2.884031503126611824e+03 1.014862795851119444e+02
2.917427014001165844e+03 1.014864738650762490e+02
2.951209226666389895e+03 1.014866681453940060e+02
2.985382618917957188e+03 1.014868624171792391e+02
3.019951720402018964e+03 1.014869400816079690e+02
3.054921113215509195e+03 1.014870177460931586e+02
3.090295432513592004e+03 1.014870954106348222e+02
3.126079367123962129e+03 1.014871730752329597e+02
3.162277660168379498e+03 1.014872507398875570e+02
3.198895109691403832e+03 1.014874054215887895e+02
3.235936569296281050e+03 1.014875601084641517e+02
3.273406948788386217e+03 1.014877147955635053e+02
3.311311214825907882e+03 1.014878694828868788e+02
3.349654391578279501e+03 1.014880241704342581e+02
3.388441561392020503e+03 1.014882082706493946e+02
3.427677865464504521e+03 1.014883923754599948e+02
3.467368504525323715e+03 1.014885764805878949e+02
3.507518739525679393e+03 1.014887605860331092e+02
3.548133892335760265e+03 1.014889446917956377e+02
3.589219346450049670e+03 1.014892678587935393e+02
3.630780547701017440e+03 1.014895910475643035e+02
3.672823004980842597e+03 1.014899142373127745e+02
3.715352290971727598e+03 1.014902374280391797e+02
3.758374042884450773e+03 1.014905606146662222e+02
3.801893963205612636e+03 1.014908294683444154e+02
3.845917820453543300e+03 1.014910983226991874e+02
3.890451449942804629e+03 1.014913671777306234e+02
3.935500754557780510e+03 1.014916360334387377e+02
3.981071705534969169e+03 1.014919048834681519e+02
4.027170343254595082e+03 1.014920029465884852e+02
4.073802778041122110e+03 1.014921010097988443e+02
4.120975190973304052e+03 1.014921990730992150e+02
4.168693834703363791e+03 1.014922971364896256e+02
4.216965034285822185e+03 1.014923951999699483e+02
4.265795188015934400e+03 1.014925996961681136e+02
4.315190768277650022e+03 1.014928042036449369e+02
4.365158322401665828e+03 1.014930087115133688e+02
4.415704473533121018e+03 1.014932132197732386e+02
4.466835921509635227e+03 1.014934177284246175e+02
4.518559443749217280e+03 1.014934799071142351e+02
4.570881896148751366e+03 1.014935420745512715e+02
4.623810213992613171e+03 1.014936042420244888e+02
4.677351412871980756e+03 1.014936664095339864e+02
4.731512589614812896e+03 1.014937285774362152e+02
4.786300923226380291e+03 1.014937982469708544e+02
4.841723675840999022e+03 1.014938679165509257e+02
4.897788193684456019e+03 1.014939375861765285e+02
4.954501908047905090e+03 1.014940072558474782e+02
5.011872336272735083e+03 1.014940769302363037e+02
5.069907082747044115e+03 1.014942619997057562e+02
5.128613839913658921e+03 1.014944470694958483e+02
5.188000389289609302e+03 1.014946321396065514e+02
5.248074602497733395e+03 1.014948172100378940e+02
5.308844442309879014e+03 1.014950022693734155e+02
5.370317963702532325e+03 1.014950302661072215e+02
5.432503314924325423e+03 1.014950582628483602e+02
5.495408738576248652e+03 1.014950862595968459e+02
5.559042572704048325e+03 1.014951142563525650e+02
5.623413251903491073e+03 1.014951422531157164e+02
5.688529308438424778e+03 1.014951736297988560e+02
5.754399373371566071e+03 1.014952050073657119e+02
5.821032177708721974e+03 1.014952363849418902e+02
5.888436553555883620e+03 1.014952677625271775e+02
5.956621435290109730e+03 1.014952991401217872e+02
6.025595860743568664e+03 1.014953327807476882e+02
6.095368972401694009e+03 1.014953664219969198e+02
6.165950018614834335e+03 1.014954000632568381e+02
6.237348354824191119e+03 1.014954337045272581e+02
6.309573444801942969e+03 1.014954673458083647e+02
6.382634861905482467e+03 1.014956688333719939e+02
6.456542290346562368e+03 1.014958703595769265e+02
6.531305526474716316e+03 1.014960718861621416e+02
6.606934480075964530e+03 1.014962734131274402e+02
6.683439175686162343e+03 1.014964749404729076e+02
6.760829753919818359e+03 1.014965143961435956e+02
6.839116472814306690e+03 1.014965538079546121e+02
6.918309709189362366e+03 1.014965932197800669e+02
6.998419960022745727e+03 1.014966326316201588e+02
7.079457843841373688e+03 1.014966720434747032e+02
7.161434102129027451e+03 1.014967162096014164e+02
7.244359600749890888e+03 1.014967603758722134e+02
7.328245331389044622e+03 1.014968045421611720e+02
7.413102413009191878e+03 1.014968487084683915e+02
7.498942093324558300e+03 1.014968928749231907e+02
7.585775750291851182e+03 1.014969423719878137e+02
7.673614893618185306e+03 1.014969918690752877e+02
7.762471166286927655e+03 1.014970413661857975e+02
7.852356346100709743e+03 1.014970908633192295e+02
7.943282347242821743e+03 1.014971403628088495e+02
8.035261221856160773e+03 1.014972807682176494e+02
8.128305161640994811e+03 1.014974211738109062e+02
8.222426499470728231e+03 1.014975615795887904e+02
8.317637711026709439e+03 1.014977019855511173e+02
8.413951416451964178e+03 1.014978423896450010e+02
8.511380382023759012e+03 1.014978423896450010e+02
8.609937521846015443e+03 1.014978423896450010e+02
8.709635899560797043e+03 1.014978423896451005e+02
8.810488730080147434e+03 1.014978423896451005e+02
8.912509381337476952e+03 1.014978423896451005e+02
9.015711376059571194e+03 1.014978423896451005e+02
9.120108393559115939e+03 1.014978423896451005e+02
9.225714271547629323e+03 1.014978423896451005e+02
9.332543007969923565e+03 1.014978423896451005e+02
9.440608762859226772e+03 1.014978423896451005e+02
9.549925860214369095e+03 1.014981739066396784e+02
9.660508789898121904e+03 1.014985054284365447e+02
9.772372209558112445e+03 1.014988369512622199e+02
9.885530946569411753e+03 1.014991684751167185e+02
1.000000000000000000e+04 1.015000000000000000e+02
