1.000000000000000082e-05 2.000000000000000000e+00
1.011579454259898326e-05 2.000000000000000000e+00
1.023292992280753645e-05 2.000000000000000000e+00
1.035142166679343115e-05 2.000000000000000000e+00
1.047128548050898535e-05 2.000000000000000000e+00
1.059253725177289675e-05 2.000000000000000000e+00
1.071519305237607005e-05 2.000000000000000000e+00
1.083926914021203860e-05 2.000000000000000000e+00
1.096478196143185184e-05 2.000000000000000000e+00
1.109174815262400939e-05 2.000000000000000000e+00
1.122018454301963009e-05 2.000000000000000000e+00
1.135010815672314370e-05 2.000000000000000444e+00
1.148153621496881719e-05 2.000000000000000444e+00
1.161448613840343739e-05 2.000000000000000888e+00
1.174897554939530245e-05 2.000000000000001332e+00
1.188502227437018965e-05 2.000000000000002220e+00
1.202264434617413179e-05 2.000000000000003553e+00
1.216186000646367976e-05 2.000000000000005329e+00
1.230268770812381065e-05 2.000000000000008438e+00
1.244514611771384376e-05 2.000000000000013323e+00
1.258925411794166114e-05 2.000000000000020872e+00
1.273503081016662895e-05 2.000000000000031974e+00
1.288249551693134845e-05 2.000000000000049294e+00
1.303166778452300062e-05 2.000000000000075495e+00
1.318256738556407435e-05 2.000000000000115463e+00
1.333521432163324055e-05 2.000000000000174527e+00
1.348962882591653310e-05 2.000000000000263345e+00
1.364583136588923809e-05 2.000000000000395239e+00
1.380384264602883871e-05 2.000000000000590639e+00
1.396368361055936306e-05 2.000000000000877520e+00
1.412537544622755495e-05 2.000000000001297185e+00
1.428893958511103715e-05 2.000000000001909140e+00
1.445439770745928020e-05 2.000000000002796430e+00
1.462177174456718376e-05 2.000000000004077183e+00
1.479108388168207160e-05 2.000000000005916601e+00
1.496235656094432745e-05 2.000000000008546941e+00
1.513561248436207138e-05 2.000000000012291057e+00
1.531087461682028667e-05 2.000000000017596591e+00
1.548816618912482752e-05 2.000000000025081714e+00
1.566751070108150245e-05 2.000000000035594638e+00
1.584893192461114123e-05 2.000000000050297544e+00
1.603245390690041688e-05 2.000000000070770501e+00
1.621810097358929842e-05 2.000000000099158903e+00
1.640589773199538679e-05 2.000000000138357326e+00
1.659586907437559817e-05 2.000000000192259542e+00
1.678804018122558774e-05 2.000000000266076494e+00
1.698243652461745923e-05 2.000000000366756847e+00
1.717908387157589264e-05 2.000000000503531439e+00
1.737800828749376387e-05 2.000000000688598067e+00
1.757923613958693124e-05 2.000000000938042088e+00
1.778279410038922901e-05 2.000000001272942196e+00
1.798870915128787440e-05 2.000000001720876774e+00
1.819700858609982710e-05 2.000000002317723347e+00
1.840772001468954488e-05 2.000000003110021130e+00
1.862087136662865725e-05 2.000000004157916234e+00
1.883649089489802114e-05 2.000000005538760117e+00
1.905460717963248412e-05 2.000000007351873332e+00
1.927524913190936795e-05 2.000000009723966077e+00
1.949844599758045584e-05 2.000000012816583794e+00
1.972422736114853360e-05 2.000000016834445393e+00
1.995262314968878622e-05 2.000000022036433123e+00
2.018366363681559553e-05 2.000000028748703418e+00
2.041737944669527402e-05 2.000000037380323725e+00
2.065380155810531105e-05 2.000000048443745904e+00
2.089296130854040908e-05 2.000000062576668736e+00
2.113489039836647556e-05 2.000000080572981176e+00
2.137962089502232305e-05 2.000000103414466324e+00
2.162718523727020259e-05 2.000000132313901613e+00
2.187761623949551905e-05 2.000000168763491182e+00
2.213094709605636570e-05 2.000000214591869607e+00
2.238721138568337924e-05 2.000000272038157778e+00
2.264644307593062007e-05 2.000000343824913429e+00
2.290867652767774899e-05 2.000000433268233735e+00
2.317394649968479773e-05 2.000000544376609124e+00
2.344228815319922862e-05 2.000000681995948604e+00
2.371373705661655382e-05 2.000000851958831039e+00
2.398832919019490032e-05 2.000001061261282409e+00
2.426610095082414433e-05 2.000001318290524299e+00
2.454708915685028560e-05 2.000001633027276071e+00
2.483133105295567863e-05 2.000002017385868136e+00
2.511886431509582188e-05 2.000002485464581703e+00
2.540972705549306423e-05 2.000003053972263967e+00
2.570395782768864488e-05 2.000003742610613422e+00
2.600159563165272119e-05 2.000004574548057690e+00
2.630267991895381412e-05 2.000005577018372005e+00
2.660725059798808471e-05 2.000006781792797117e+00
2.691534803926913955e-05 2.000008226090783658e+00
2.722701308077910045e-05 2.000009953089250558e+00
2.754228703338169041e-05 2.000012013036144065e+00
2.786121168629772233e-05 2.000014464048041951e+00
2.818382931264454874e-05 2.000017373230662088e+00
2.851018267503909666e-05 2.000020818030043834e+00
2.884031503126605625e-05 2.000024887142157759e+00
2.917427014001166028e-05 2.000029682683539978e+00
2.951209226666384047e-05 2.000035320922782134e+00
2.985382618917957053e-05 2.000041934936235055e+00
3.019951720402019201e-05 2.000049675861615306e+00
3.054921113215515677e-05 2.000058715302934775e+00
3.090295432513592063e-05 2.000069247933830674e+00
3.126079367123955807e-05 2.000081492900859459e+00
3.162277660168379530e-05 2.000095698494972929e+00
3.198895109691397344e-05 2.000112142449247621e+00
3.235936569296280900e-05 2.000131137882080523e+00
3.273406948788379215e-05 2.000153034286804132e+00
3.311311214825907629e-05 2.000178222407456463e+00
3.349654391578279437e-05 2.000207138404144214e+00
3.388441561392027603e-05 2.000240265440867748e+00
3.427677865464504953e-05 2.000278142884200694e+00
3.467368504525316757e-05 2.000321363896184312e+00
3.507518739525679514e-05 2.000370588214909429e+00
3.548133892335753357e-05 2.000426539963754635e+00
3.589219346450049739e-05 2.000490017430291090e+00
3.630780547701017389e-05 2.000561898083678347e+00
3.672823004980849907e-05 2.000643139470659193e+00
3.715352290971727777e-05 2.000734795964109303e+00
3.758374042884443292e-05 2.000838008124347311e+00
3.801893963205612366e-05 2.000954029493814623e+00
3.845917820453535562e-05 2.001084213383722332e+00
3.890451449942804570e-05 2.001230032936139214e+00
3.935500754557772038e-05 2.001393083563699715e+00
3.981071705534969458e-05 2.001575082017397644e+00
4.027170343254595077e-05 2.001777894759471987e+00
4.073802778041130123e-05 2.002003508124125197e+00
4.120975190973304229e-05 2.002254083193523382e+00
4.168693834703355189e-05 2.002531914320940132e+00
4.216965034285822237e-05 2.002839471292647389e+00
4.265795188015925705e-05 2.003179390074233179e+00
4.315190768277650291e-05 2.003554470208098959e+00
4.365158322401656619e-05 2.003967719546072779e+00
4.415704473533120706e-05 2.004422286483817484e+00
4.466835921509634821e-05 2.004921568950877919e+00
4.518559443749225985e-05 2.005469111578980890e+00
4.570881896148751641e-05 2.006068694193825053e+00
4.623810213992603376e-05 2.006724291481450706e+00
4.677351412871980936e-05 2.007440073760097476e+00
4.731512589614802946e-05 2.008220470452277695e+00
4.786300923226380360e-05 2.009070044624802875e+00
4.841723675840999030e-05 2.009993683899386596e+00
4.897788193684466258e-05 2.010996396013339016e+00
4.954501908047905277e-05 2.012083480437003136e+00
5.011872336272725140e-05 2.013260422669606253e+00
5.069907082747044530e-05 2.014532914376919948e+00
5.128613839913648091e-05 2.015906932347207192e+00
5.188000389289609457e-05 2.017388536343670324e+00
5.248074602497723268e-05 2.018984174521234909e+00
5.308844442309878999e-05 2.020700325209835224e+00
5.370317963702532456e-05 2.022543809211529542e+00
5.432503314924335916e-05 2.024521562280347187e+00
5.495408738576248114e-05 2.026640709733375623e+00
5.559042572704037339e-05 2.028908646880572153e+00
5.623413251903490700e-05 2.031332745468661383e+00
5.688529308438412916e-05 2.033920813492473112e+00
5.754399373371566406e-05 2.036680514424516808e+00
5.821032177708709908e-05 2.039619906788548764e+00
5.888436553555884004e-05 2.042747008647348483e+00
5.956621435290109591e-05 2.046069989842909109e+00
6.025595860743580595e-05 2.049597221313787632e+00
6.095368972401693823e-05 2.053336890339729326e+00
6.165950018614822423e-05 2.057297651283769291e+00
6.237348354824191440e-05 2.061487745011896244e+00
6.309573444801929300e-05 2.065915881684086131e+00
6.382634861905482951e-05 2.070590476346877207e+00
6.456542290346562666e-05 2.075520057545025665e+00
6.531305526474728992e-05 2.080713226442068908e+00
6.606934480075964729e-05 2.086178205587788881e+00
6.683439175686149280e-05 2.091923703887093478e+00
6.760829753919818874e-05 2.097957657974750756e+00
6.839116472814292665e-05 2.104288600862449066e+00
6.918309709189362545e-05 2.110924411281685398e+00
6.998419960022730989e-05 2.117873076717299963e+00
7.079457843841373125e-05 2.125142470428869501e+00
7.161434102129027670e-05 2.132739891015305922e+00
7.244359600749906167e-05 2.140673140886539372e+00
7.328245331389044727e-05 2.148948819861354664e+00
7.413102413009176311e-05 2.157574340991433193e+00
7.498942093324558562e-05 2.166556003537145170e+00
7.585775750291835827e-05 2.175900285704761128e+00
7.673614893618186056e-05 2.185613312419356191e+00
7.762471166286911170e-05 2.195700479761804047e+00
7.852356346100710760e-05 2.206167713086849780e+00
7.943282347242822084e-05 2.217019261612715120e+00
8.035261221856176798e-05 2.228260528588894118e+00
8.128305161640994537e-05 2.239895255047816836e+00
8.222426499470711716e-05 2.251927545966164068e+00
8.317637711026709040e-05 2.264360869640709595e+00
8.413951416451947497e-05 2.277197896683625711e+00
8.511380382023759500e-05 2.290441857167478279e+00
8.609937521846016068e-05 2.304093855733974738e+00
8.709635899560813719e-05 2.318156586194436208e+00
8.810488730080147271e-05 2.332630493360387192e+00
8.912509381337458780e-05 2.347516706274993314e+00
9.015711376059570837e-05 2.362815396302901938e+00
9.120108393559096371e-05 2.378525988764133903e+00
9.225714271547628552e-05 2.394648462043182935e+00
9.332543007969904577e-05 2.411180432505847904e+00
9.440608762859226599e-05 2.428121403767497632e+00
9.549925860214368827e-05 2.445468180218172360e+00
9.660508789898140220e-05 2.463218678366211556e+00
9.772372209558110971e-05 2.481369502717233111e+00
9.885530946569390319e-05 2.499916703912784754e+00
1.000000000000000048e-04 2.518856859055504938e+00
1.011579454259898224e-04 2.538184079586052189e+00
1.023292992280753577e-04 2.557894666598475641e+00
1.035142166679344064e-04 2.577981821507997928e+00
1.047128548050899619e-04 2.598440410638226616e+00
1.059253725177288624e-04 2.619263602931631851e+00
1.071519305237606971e-04 2.640444347939280512e+00
1.083926914021203860e-04 2.661976060023828250e+00
1.096478196143185150e-04 2.683849730648359966e+00
1.109174815262400872e-04 2.706058817939796413e+00
1.122018454301963009e-04 2.728593344738092341e+00
1.135010815672314268e-04 2.751445648965267221e+00
1.148153621496882939e-04 2.774605956814980345e+00
1.161448613840342553e-04 2.798064735775555700e+00
1.174897554939530279e-04 2.821812806613816615e+00
1.188502227437018897e-04 2.845838752940937688e+00
1.202264434617413111e-04 2.870133845853843013e+00
1.216186000646367874e-04 2.894685657870171180e+00
1.230268770812381065e-04 2.919484783757985369e+00
1.244514611771384478e-04 2.944519267425122599e+00
1.258925411794167436e-04 2.969777950538229128e+00
1.273503081016661743e-04 2.995249855729623434e+00
1.288249551693135015e-04 3.020922079337754695e+00
1.303166778452300096e-04 3.046784543340830709e+00
1.318256738556407401e-04 3.072823281589590394e+00
1.333521432163323954e-04 3.099028067280579890e+00
1.348962882591653344e-04 3.125385666965897702e+00
1.364583136588923978e-04 3.151884257678474022e+00
1.380384264602885192e-04 3.178511960415509652e+00
1.396368361055937797e-04 3.205255377702897590e+00
1.412537544622755427e-04 3.232103975310520738e+00
1.428893958511103749e-04 3.259043212454683314e+00
1.445439770745927987e-04 3.286062967449887573e+00
1.462177174456718274e-04 3.313149652398856837e+00
1.479108388168207295e-04 3.340291716072554706e+00
1.496235656094432745e-04 3.367477254073759418e+00
1.513561248436207172e-04 3.394693314642312387e+00
1.531087461682030428e-04 3.421929739457471698e+00
1.548816618912481058e-04 3.449172311484074438e+00
1.566751070108150041e-04 3.476411833349891900e+00
1.584893192461114190e-04 3.503635195232622124e+00
1.603245390690041892e-04 3.530831922880111939e+00
1.621810097358929842e-04 3.557990844360169991e+00
1.640589773199538815e-04 3.585100240103582525e+00
1.659586907437559614e-04 3.612150938356417207e+00
1.678804018122560739e-04 3.639130008684952067e+00
1.698243652461744297e-04 3.666029591743726890e+00
1.717908387157589332e-04 3.692837794288665432e+00
1.737800828749376319e-04 3.719545822743954844e+00
1.757923613958693124e-04 3.746143813121950217e+00
1.778279410038922698e-04 3.772621850166137047e+00
1.798870915128787304e-04 3.798972198198721895e+00
1.819700858609982642e-04 3.825183853912952792e+00
1.840772001468956318e-04 3.851250599386844442e+00
1.862087136662867555e-04 3.877162251035231932e+00
1.883649089489802114e-04 3.902912067196645296e+00
1.905460717963248141e-04 3.928491857632590012e+00
1.927524913190936727e-04 3.953893847117448512e+00
1.949844599758045584e-04 3.979112010699425106e+00
1.972422736114853360e-04 4.004137571794067263e+00
1.995262314968878758e-04 4.028966147680151266e+00
2.018366363681559756e-04 4.053589505752677624e+00
2.041737944669529570e-04 4.078003099732839587e+00
2.065380155810529208e-04 4.102200574442445458e+00
2.089296130854040908e-04 4.126176405807777670e+00
2.113489039836647623e-04 4.149926359813690624e+00
2.137962089502232373e-04 4.173443965979068082e+00
2.162718523727020191e-04 4.196726681908081957e+00
2.187761623949551837e-04 4.219768272614125237e+00
2.213094709605636435e-04 4.242566334404994421e+00
2.238721138568339957e-04 4.265116333087175526e+00
2.264644307593059432e-04 4.287414918333005254e+00
2.290867652767774763e-04 4.309459567957546255e+00
2.317394649968479773e-04 4.331246016757487993e+00
2.344228815319922591e-04 4.352773420100731983e+00
2.371373705661655382e-04 4.374037433001745079e+00
2.398832919019489897e-04 4.395037592698421314e+00
2.426610095082414433e-04 4.415771039343683313e+00
2.454708915685031270e-04 4.436236379753013992e+00
2.483133105295570438e-04 4.456432610598445976e+00
2.511886431509582256e-04 4.476357441628209699e+00
2.540972705549306219e-04 4.496011484050272067e+00
2.570395782768864759e-04 4.515392068743018683e+00
2.600159563165272119e-04 4.534500376113701492e+00
2.630267991895381412e-04 4.553334988406498418e+00
2.660725059798808335e-04 4.571896166256633087e+00
2.691534803926913955e-04 4.590184165062632715e+00
2.722701308077912687e-04 4.608198361513752062e+00
2.754228703338166195e-04 4.625940528452382239e+00
2.786121168629772165e-04 4.643409398596618942e+00
2.818382931264455009e-04 4.660607451322620776e+00
2.851018267503909734e-04 4.677534436689825270e+00
2.884031503126605490e-04 4.694191927006705178e+00
2.917427014001165893e-04 4.710581150451440990e+00
2.951209226666384115e-04 4.726702810905424101e+00
2.985382618917960034e-04 4.742559524786004843e+00
3.019951720402015813e-04 4.758151167068671583e+00
3.054921113215515677e-04 4.773481131994132376e+00
3.090295432513592063e-04 4.788550068203679011e+00
3.126079367123955942e-04 4.803360517290535370e+00
3.162277660168379394e-04 4.817914400638788841e+00
3.198895109691397344e-04 4.832213413918056588e+00
3.235936569296281036e-04 4.846260675229484782e+00
3.273406948788383009e-04 4.860057076010132704e+00
3.311311214825911017e-04 4.873606441977429427e+00
3.349654391578279437e-04 4.886910111440304405e+00
3.388441561392027332e-04 4.899971280011904184e+00
3.427677865464504817e-04 4.912792310910116811e+00
3.467368504525316893e-04 4.925375585452908211e+00
3.507518739525679243e-04 4.937724485266030250e+00
3.548133892335753221e-04 4.949840620564874172e+00
3.589219346450050010e-04 4.961728009930400418e+00
3.630780547701014001e-04 4.973388439862462818e+00
3.672823004980846112e-04 4.984825488311297903e+00
3.715352290971728048e-04 4.996041749320888847e+00
3.758374042884443157e-04 5.007040027425817108e+00
3.801893963205612366e-04 5.017823774589570185e+00
3.845917820453535426e-04 5.028395065727192303e+00
3.890451449942804976e-04 5.038757922323076954e+00
3.935500754557772580e-04 5.048914380502017352e+00
3.981071705534973523e-04 5.058868179699876677e+00
4.027170343254590605e-04 5.068621978452211074e+00
4.073802778041130395e-04 5.078178791625347799e+00
4.120975190973304365e-04 5.087541994980400162e+00
4.168693834703355054e-04 5.096713922245542427e+00
4.216965034285822373e-04 5.105698456514089933e+00
4.265795188015925705e-04 5.114497729136651571e+00
4.315190768277650155e-04 5.123115471375755625e+00
4.365158322401661091e-04 5.131554283281664297e+00
4.415704473533125043e-04 5.139817226272841211e+00
4.466835921509634821e-04 5.147907496791161108e+00
4.518559443749226392e-04 5.155827528568194040e+00
4.570881896148752048e-04 5.163580969261458264e+00
4.623810213992603376e-04 5.171169932087251730e+00
4.677351412871981343e-04 5.178598017500334549e+00
4.731512589614802946e-04 5.185867682651222665e+00
4.786300923226380496e-04 5.192981916378145435e+00
4.841723675840993880e-04 5.199943670074087088e+00
4.897788193684460972e-04 5.206755361078631239e+00
4.954501908047905141e-04 5.213420342012509145e+00
5.011872336272725275e-04 5.219940630047913643e+00
5.069907082747044259e-04 5.226319612563099071e+00
5.128613839913648362e-04 5.232559551454734503e+00
5.188000389289610000e-04 5.238663281918722880e+00
5.248074602497722861e-04 5.244633474758980007e+00
5.308844442309884962e-04 5.250472450490530463e+00
5.370317963702527170e-04 5.256183236904107936e+00
5.432503314924336593e-04 5.261767706101466935e+00
5.495408738576247707e-04 5.267228982884275545e+00
5.559042572704037339e-04 5.272569106689994456e+00
5.623413251903490971e-04 5.277790708796466390e+00
5.688529308438413593e-04 5.282896166867576682e+00
5.754399373371566406e-04 5.287887653161128299e+00
5.821032177708715871e-04 5.292767847970964112e+00
5.888436553555889425e-04 5.297538497454546302e+00
5.956621435290109998e-04 5.302202393841429107e+00
6.025595860743581137e-04 5.306761360824614471e+00
6.095368972401693551e-04 5.311217799242523796e+00
6.165950018614822694e-04 5.315573797519524746e+00
6.237348354824191711e-04 5.319831350597265640e+00
6.309573444801929842e-04 5.323992796768631131e+00
6.382634861905482409e-04 5.328059754829955530e+00
6.456542290346555619e-04 5.332034670017071321e+00
6.531305526474723028e-04 5.335919157706482174e+00
6.606934480075964729e-04 5.339715379243516580e+00
6.683439175686149009e-04 5.343425148726431928e+00
6.760829753919818602e-04 5.347050271225523232e+00
6.839116472814292394e-04 5.350592767617920131e+00
6.918309709189362274e-04 5.354054113284176353e+00
6.998419960022730446e-04 5.357436431089638518e+00
7.079457843841380172e-04 5.360741135289027071e+00
7.161434102129019810e-04 5.363970150913830892e+00
7.244359600749905896e-04 5.367125039296265498e+00
7.328245331389044185e-04 5.370207414723570771e+00
7.413102413009177395e-04 5.373219010138564400e+00
7.498942093324558562e-04 5.376161152608569971e+00
7.585775750291835285e-04 5.379035671994121692e+00
7.673614893618185785e-04 5.381843794789826774e+00
7.762471166286919301e-04 5.384587220937613772e+00
7.852356346100718620e-04 5.387267283947904772e+00
7.943282347242821813e-04 5.389885414180987766e+00
8.035261221856176798e-04 5.392443088024283959e+00
8.128305161640994808e-04 5.394941486899092808e+00
8.222426499470712529e-04 5.397382178861088953e+00
8.317637711026708769e-04 5.399766219396597400e+00
8.413951416451946955e-04 5.402095099428759539e+00
8.511380382023759229e-04 5.404369950637364362e+00
8.609937521846007394e-04 5.406592031122384512e+00
8.709635899560805045e-04 5.408762591910747375e+00
8.810488730080146729e-04 5.410882676265794444e+00
8.912509381337459322e-04 5.412953621457402775e+00
9.015711376059570023e-04 5.414976330119344539e+00
9.120108393559096371e-04 5.416952102724584606e+00
9.225714271547629094e-04 5.418881894582071368e+00
9.332543007969905120e-04 5.420766805833987512e+00
9.440608762859235272e-04 5.422607891806977776e+00
9.549925860214359069e-04 5.424406067892203254e+00
9.660508789898140762e-04 5.426162470103935931e+00
9.772372209558110971e-04 5.427877866431388476e+00
9.885530946569390590e-04 5.429553386309326157e+00
1.000000000000000021e-03 5.431189832613689816e+00
1.011579454259898224e-03 5.432788162928648745e+00
1.023292992280754607e-03 5.434349264209782149e+00
1.035142166679344118e-03 5.435873935619644826e+00
1.047128548050899619e-03 5.437363138324058376e+00
1.059253725177288679e-03 5.438817525645856854e+00
1.071519305237607052e-03 5.440238072542981307e+00
1.083926914021203806e-03 5.441625452179536637e+00
1.096478196143185150e-03 5.442980495036236377e+00
1.109174815262400872e-03 5.444303944301370990e+00
1.122018454301963036e-03 5.445596494924343389e+00
1.135010815672315380e-03 5.446858952683575339e+00
1.148153621496882885e-03 5.448091887788319099e+00
1.161448613840342526e-03 5.449296123418356785e+00
1.174897554939529059e-03 5.450472227719663998e+00
1.188502227437019006e-03 5.451620918910016655e+00
1.202264434617413003e-03 5.452742818481195464e+00
1.216186000646367902e-03 5.453838527985494622e+00
1.230268770812381228e-03 5.454908722471766502e+00
1.244514611771385670e-03 5.455953897599563618e+00
1.258925411794167490e-03 5.456974747205650011e+00
1.273503081016661527e-03 5.457971749710045728e+00
1.288249551693133660e-03 5.458945524897606205e+00
1.303166778452299933e-03 5.459896590929933069e+00
1.318256738556407509e-03 5.460825468894240586e+00
1.333521432163324062e-03 5.461732721838759907e+00
1.348962882591653182e-03 5.462618780024043552e+00
1.364583136588925225e-03 5.463484227503488277e+00
1.380384264602885300e-03 5.464329466426658399e+00
1.396368361055937580e-03 5.465155030760656452e+00
1.412537544622753964e-03 5.465961352028998022e+00
1.428893958511103695e-03 5.466748880120308129e+00
1.445439770745927987e-03 5.467518084699047876e+00
1.462177174456718220e-03 5.468269338276233960e+00
1.479108388168207241e-03 5.469003132018860569e+00
1.496235656094434263e-03 5.469719803506036371e+00
1.513561248436208744e-03 5.470419812213815014e+00
1.531087461682030266e-03 5.471103517043808040e+00
1.548816618912481112e-03 5.471771305900748672e+00
1.566751070108148578e-03 5.472423570154170136e+00
1.584893192461114082e-03 5.473060631834279377e+00
1.603245390690041837e-03 5.473682903711461378e+00
1.621810097358929734e-03 5.474290668874150612e+00
1.640589773199538706e-03 5.474884322357083555e+00
1.659586907437561295e-03 5.475464162348787411e+00
1.678804018122560630e-03 5.476030522989876914e+00
1.698243652461744243e-03 5.476583730149862106e+00
1.717908387157587652e-03 5.477124061913309028e+00
1.737800828749376265e-03 5.477651865008916765e+00
1.757923613958693124e-03 5.478167376655397547e+00
1.778279410038922752e-03 5.478670936282730608e+00
1.798870915128787358e-03 5.479162791428930035e+00
1.819700858609984376e-03 5.479643229729881604e+00
1.840772001468956318e-03 5.480112522353399740e+00
1.862087136662867555e-03 5.480570909247054701e+00
1.883649089489800163e-03 5.481018681584767904e+00
1.905460717963248195e-03 5.481456038046661483e+00
1.927524913190936618e-03 5.481883270174395584e+00
1.949844599758045584e-03 5.482300583320570020e+00
1.972422736114853251e-03 5.482708224979170097e+00
1.995262314968880655e-03 5.483106420695404992e+00
2.018366363681561599e-03 5.483495377398263315e+00
2.041737944669529733e-03 5.483875338487635531e+00
2.065380155810529316e-03 5.484246473578975767e+00
2.089296130854038577e-03 5.484609029760946441e+00
2.113489039836647515e-03 5.484963178386220051e+00
2.137962089502232644e-03 5.485309132351857464e+00
2.162718523727020191e-03 5.485647079191426911e+00
2.187761623949552054e-03 5.485977197297108532e+00
2.213094709605638657e-03 5.486299689491512588e+00
2.238721138568339902e-03 5.486614702415915090e+00
2.264644307593059649e-03 5.486922443649419279e+00
2.290867652767772378e-03 5.487223056762544182e+00
2.317394649968479610e-03 5.487516724866697615e+00
2.344228815319922537e-03 5.487803603849236822e+00
2.371373705661655382e-03 5.488083847467136067e+00
2.398832919019489897e-03 5.488357624707891347e+00
2.426610095082416818e-03 5.488625062312477709e+00
2.454708915685031162e-03 5.488886334686212898e+00
2.483133105295570221e-03 5.489141562121093720e+00
2.511886431509579437e-03 5.489390902103906456e+00
2.540972705549306328e-03 5.489634484190032637e+00
2.570395782768864542e-03 5.489872440890129823e+00
2.600159563165272119e-03 5.490104912990178221e+00
2.630267991895381303e-03 5.490332009965140259e+00
2.660725059798811371e-03 5.490553878455028070e+00
2.691534803926916557e-03 5.490770619214497827e+00
2.722701308077912687e-03 5.490982367695807831e+00
2.754228703338165978e-03 5.491189231552964678e+00
2.786121168629769346e-03 5.491391324982919819e+00
2.818382931264454792e-03 5.491588765271352202e+00
2.851018267503909950e-03 5.491781647042149217e+00
2.884031503126605490e-03 5.491970093476174597e+00
2.917427014001165893e-03 5.492154189040137524e+00
2.951209226666386826e-03 5.492334050243782073e+00
2.985382618917960251e-03 5.492509766529871662e+00
3.019951720402016138e-03 5.492681436314961196e+00
3.054921113215512424e-03 5.492849157304661389e+00
3.090295432513592063e-03 5.493013011249628263e+00
3.126079367123955725e-03 5.493173101705878025e+00
3.162277660168379394e-03 5.493329499467929367e+00
3.198895109691397235e-03 5.493482304762887125e+00
3.235936569296284180e-03 5.493631591893466393e+00
3.273406948788382901e-03 5.493777445681246263e+00
3.311311214825910908e-03 5.493919947519053437e+00
3.349654391578275967e-03 5.494059168034254981e+00
3.388441561392027332e-03 5.494195194305053320e+00
3.427677865464504817e-03 5.494328085676874807e+00
3.467368504525316676e-03 5.494457928380471756e+00
3.507518739525679677e-03 5.494584784133284217e+00
3.548133892335756691e-03 5.494708726045397285e+00
3.589219346450053371e-03 5.494829821919024582e+00
3.630780547701014001e-03 5.494948132771931171e+00
3.672823004980846004e-03 5.495063731800749807e+00
3.715352290971724036e-03 5.495176668891670779e+00
3.758374042884443048e-03 5.495287018113963029e+00
3.801893963205612691e-03 5.495394830767368788e+00
3.845917820453535318e-03 5.495500169872771679e+00
3.890451449942804868e-03 5.495603091909348592e+00
3.935500754557776266e-03 5.495703649593540518e+00
3.981071705534973415e-03 5.495801904039272934e+00
4.027170343254590605e-03 5.495897898474616738e+00
4.073802778041125949e-03 5.495991695250125986e+00
4.120975190973303823e-03 5.496083337428915527e+00
4.168693834703355271e-03 5.496172879339493278e+00
4.216965034285822915e-03 5.496260368026771204e+00
4.265795188015925922e-03 5.496345849036062603e+00
4.315190768277654167e-03 5.496429373394410511e+00
4.365158322401660983e-03 5.496510978557336280e+00
4.415704473533125368e-03 5.496590717022746375e+00
4.466835921509630485e-03 5.496668624946440929e+00
4.518559443749225850e-03 5.496744749167096877e+00
4.570881896148752156e-03 5.496819128868621895e+00
4.623810213992603051e-03 5.496891803401265264e+00
4.677351412871981126e-03 5.496962815370318722e+00
4.731512589614807716e-03 5.497032197226987549e+00
4.786300923226385375e-03 5.497099993182965605e+00
4.841723675840994313e-03 5.497166233600056628e+00
4.897788193684460972e-03 5.497230958862386885e+00
4.954501908047900804e-03 5.497294201603396324e+00
5.011872336272724625e-03 5.497355995821152419e+00
5.069907082747044692e-03 5.497416377088610417e+00
5.128613839913647929e-03 5.497475373518907915e+00
5.188000389289609132e-03 5.497533022352833143e+00
5.248074602497728065e-03 5.497589349090832300e+00
5.308844442309884962e-03 5.497644388553840855e+00
5.370317963702526953e-03 5.497698167916657219e+00
5.432503314924330522e-03 5.497750716553009731e+00
5.495408738576248141e-03 5.497802064163096247e+00
5.559042572704037122e-03 5.497852235099676577e+00
5.623413251903490971e-03 5.497901260737457108e+00
5.688529308438413160e-03 5.497949162497018705e+00
5.754399373371572694e-03 5.497995970403684929e+00
5.821032177708716088e-03 5.498041707083320517e+00
5.888436553555889859e-03 5.498086397913896306e+00
5.956621435290103059e-03 5.498130067690784273e+00
6.025595860743580487e-03 5.498172737507234231e+00
6.095368972401693335e-03 5.498214433800231227e+00
6.165950018614822260e-03 5.498255174565523262e+00
6.237348354824191060e-03 5.498294985693936709e+00
6.309573444801936347e-03 5.498333886020497552e+00
6.382634861905489565e-03 5.498371897470313741e+00
6.456542290346555836e-03 5.498409040742057385e+00
6.531305526474722595e-03 5.498445334103733373e+00
6.606934480075957357e-03 5.498480799834952748e+00
6.683439175686149009e-03 5.498515453055842883e+00
6.760829753919818386e-03 5.498549316092287143e+00
6.839116472814293045e-03 5.498582404620288244e+00
6.918309709189362708e-03 5.498614737581069889e+00
6.998419960022738036e-03 5.498646332251428070e+00
7.079457843841380389e-03 5.498677204450632239e+00
7.161434102129020027e-03 5.498707372877816191e+00
7.244359600749898306e-03 5.498736850475981264e+00
7.328245331389044402e-03 5.498765656258985501e+00
7.413102413009176744e-03 5.498793803349739662e+00
7.498942093324557912e-03 5.498821308110752426e+00
7.585775750291835935e-03 5.498848184960565710e+00
7.673614893618193808e-03 5.498874447596159953e+00
7.762471166286919952e-03 5.498900111658704404e+00
7.852356346100718837e-03 5.498925188388883889e+00
7.943282347242813790e-03 5.509910997064062066e+00
8.035261221856177666e-03 5.510070985919614195e+00
8.128305161640994592e-03 5.510230977138925290e+00
8.222426499470712746e-03 5.510390970722029103e+00
8.317637711026708985e-03 5.510550966668961159e+00
8.413951416451955628e-03 5.510710964979762316e+00
8.511380382023767469e-03 5.510870965654457443e+00
8.609937521846007177e-03 5.511030968693085619e+00
8.709635899560804612e-03 5.511016102928590676e+00
8.810488730080136971e-03 5.510206311035434013e+00
8.912509381337458889e-03 5.509396344684032165e+00
9.015711376059569807e-03 5.509345835830711913e+00
9.120108393559096804e-03 5.509295232761976635e+00
9.225714271547629311e-03 5.509244428808961480e+00
9.332543007969915094e-03 5.509193418512990270e+00
9.440608762859235489e-03 5.509142309268447057e+00
9.549925860214358853e-03 5.509091101049666150e+00
9.660508789898131221e-03 5.509039793830997844e+00
9.772372209558111839e-03 5.509020978034779858e+00
9.885530946569390590e-03 5.509010531226770091e+00
1.000000000000000021e-02 5.509000000000001229e+00
1.011579454259898224e-02 5.510479073745346845e+00
1.023292992280754737e-02 5.511958349313574423e+00
1.035142166679344118e-02 5.513437826732226377e+00
1.047128548050899575e-02 5.514917506028843341e+00
1.059253725177288635e-02 5.516397387230967730e+00
1.071519305237607009e-02 5.517877470366157944e+00
1.083926914021203849e-02 5.519357755461967052e+00
1.096478196143185063e-02 5.520838242545949903e+00
1.109174815262400915e-02 5.522318931645670226e+00
1.122018454301964077e-02 5.523799822788691749e+00
1.135010815672315466e-02 5.526666389125428402e+00
1.148153621496882971e-02 5.529533878363994681e+00
1.161448613840342613e-02 5.532402124935937415e+00
1.174897554939530360e-02 5.535271129041281490e+00
1.188502227437019006e-02 5.538140890880097977e+00
1.202264434617413176e-02 5.541011410652514790e+00
1.216186000646367858e-02 5.543882688558706029e+00
1.230268770812381098e-02 5.546754724798904412e+00
1.244514611771385670e-02 5.549627519573401280e+00
1.258925411794167490e-02 5.552501892281955342e+00
1.273503081016661570e-02 5.557570988072323637e+00
1.288249551693133529e-02 5.562642444951333864e+00
1.303166778452300063e-02 5.567716264018737427e+00
1.318256738556407466e-02 5.572792446374788433e+00
1.333521432163324062e-02 5.577870993120266796e+00
1.348962882591653312e-02 5.582951905356465794e+00
1.364583136588925182e-02 5.588035184185176085e+00
1.380384264602885214e-02 5.593120830708719460e+00
1.396368361055937667e-02 5.598208846029916863e+00
1.412537544622754007e-02 5.603299231252111490e+00
1.428893958511103651e-02 5.611828981338899958e+00
1.445439770745927943e-02 5.620365905209957269e+00
1.462177174456718264e-02 5.628909489369626762e+00
1.479108388168207111e-02 5.637459739014107463e+00
1.496235656094434263e-02 5.646016659343634281e+00
1.513561248436208657e-02 5.654580255562501101e+00
1.531087461682030353e-02 5.663150532879067889e+00
1.548816618912481069e-02 5.671727496505755362e+00
1.566751070108150096e-02 5.680311151659050317e+00
1.584893192461114125e-02 5.688902579035880258e+00
1.603245390690041794e-02 5.703653107675649814e+00
1.621810097358929864e-02 5.718423381314630127e+00
1.640589773199538706e-02 5.733213426383387379e+00
1.659586907437561251e-02 5.748023269347886988e+00
1.678804018122560804e-02 5.762852936709507823e+00
1.698243652461744330e-02 5.777702455005111482e+00
1.717908387157587521e-02 5.792571850807084921e+00
1.737800828749376178e-02 5.807461150723370658e+00
1.757923613958693038e-02 5.822370381397546701e+00
1.778279410038922925e-02 5.837299569508835440e+00
1.798870915128787315e-02 5.861139307556357814e+00
1.819700858609984290e-02 5.885030192792428672e+00
1.840772001468956448e-02 5.908972078099325564e+00
1.862087136662867598e-02 5.932965072347324842e+00
1.883649089489800033e-02 5.957009284639101843e+00
1.905460717963248368e-02 5.981104824310249590e+00
1.927524913190936662e-02 6.005251800929742423e+00
1.949844599758045541e-02 6.029450324300465347e+00
1.972422736114853511e-02 6.053700504459686549e+00
1.995262314968880915e-02 6.078003161808184451e+00
2.018366363681561859e-02 6.109420774019077349e+00
2.041737944669529473e-02 6.140924906463440358e+00
2.065380155810529056e-02 6.172515797407323923e+00
2.089296130854041006e-02 6.204193685772961153e+00
2.113489039836647515e-02 6.235958811140526414e+00
2.137962089502232557e-02 6.267811413749972083e+00
2.162718523727020017e-02 6.299751734502854639e+00
2.187761623949551967e-02 6.331780014964123460e+00
2.213094709605638657e-02 6.363896497363991323e+00
2.238721138568339902e-02 6.396101600187562575e+00
2.264644307593059389e-02 6.432381689712816986e+00
2.290867652767772378e-02 6.468774023598450107e+00
2.317394649968479783e-02 6.505278949109212228e+00
2.344228815319922624e-02 6.541896814584236886e+00
2.371373705661655382e-02 6.578627969440359102e+00
2.398832919019489723e-02 6.615472764175442499e+00
2.426610095082416818e-02 6.652431550371756153e+00
2.454708915685031162e-02 6.689504680699266181e+00
2.483133105295570395e-02 6.726692508919062341e+00
2.511886431509579437e-02 6.763995389886715337e+00
2.540972705549306501e-02 6.803956511535665719e+00
2.570395782768864629e-02 6.844049982615586281e+00
2.600159563165272206e-02 6.884275926577305249e+00
2.630267991895381477e-02 6.924634781124631822e+00
2.660725059798811284e-02 6.965126985407576576e+00
2.691534803926916644e-02 7.005752980027129873e+00
2.722701308077912774e-02 7.046513207040105975e+00
2.754228703338166065e-02 7.087408109963900138e+00
2.786121168629772035e-02 7.128438133781334507e+00
2.818382931264454966e-02 7.169603828753756680e+00
2.851018267503909603e-02 7.212058397260729059e+00
2.884031503126605750e-02 7.254657155800987134e+00
2.917427014001166066e-02 7.297400594092510850e+00
2.951209226666387173e-02 7.340289203516539907e+00
2.985382618917960251e-02 7.383323477123190592e+00
3.019951720402016052e-02 7.426503909637157896e+00
3.054921113215512338e-02 7.469830997463389188e+00
3.090295432513592150e-02 7.513305238692793431e+00
3.126079367123955899e-02 7.556927133107943284e+00
3.162277660168379134e-02 7.600697182188869583e+00
3.198895109691397148e-02 7.644494315996079870e+00
3.235936569296284093e-02 7.688439780040531524e+00
3.273406948788382814e-02 7.732534084520904294e+00
3.311311214825911342e-02 7.776777733550095384e+00
3.349654391578275880e-02 7.821171232948407770e+00
3.388441561392027679e-02 7.865715090249334018e+00
3.427677865464504731e-02 7.910409814705311682e+00
3.467368504525316503e-02 7.955255917293619028e+00
3.507518739525679330e-02 8.000253910722172179e+00
3.548133892335756517e-02 8.045404195129371772e+00
3.589219346450053805e-02 8.089503884169701564e+00
3.630780547701013827e-02 8.133748967685431097e+00
3.672823004980846351e-02 8.178139925034898283e+00
3.715352290971727506e-02 8.222677237156858610e+00
3.758374042884442962e-02 8.267361386575686311e+00
3.801893963205612431e-02 8.312192857406643043e+00
3.845917820453535058e-02 8.357172135361057741e+00
3.890451449942804868e-02 8.402299707751655689e+00
3.935500754557776093e-02 8.447576063497805876e+00
3.981071705534973415e-02 8.493001639742889353e+00
4.027170343254590779e-02 8.537137657462348983e+00
4.073802778041125949e-02 8.581414593750125164e+00
4.120975190973304170e-02 8.625832898534504523e+00
4.168693834703354750e-02 8.670393023180309910e+00
4.216965034285822395e-02 8.715095420493504719e+00
4.265795188015925749e-02 8.758802860002301571e+00
4.315190768277654687e-02 8.802646192695092964e+00
4.365158322401661156e-02 8.846625957817561670e+00
4.415704473533125368e-02 8.890742579922456201e+00
4.466835921509629964e-02 8.934996484883676260e+00
4.518559443749226023e-02 8.978155741135751100e+00
4.570881896148751983e-02 9.021445474647631357e+00
4.623810213992603224e-02 9.064866177906875322e+00
4.677351412871981473e-02 9.108418247152350489e+00
4.731512589614807890e-02 9.152102021652240182e+00
4.786300923226385201e-02 9.194690749306491995e+00
4.841723675840994140e-02 9.237404716867260390e+00
4.897788193684461666e-02 9.280244292625273062e+00
4.954501908047905662e-02 9.323209845954316677e+00
5.011872336272724798e-02 9.366301698097775130e+00
5.069907082747044519e-02 9.408301242889393734e+00
5.128613839913648276e-02 9.450420811193534831e+00
5.188000389289609826e-02 9.492660746005430639e+00
5.248074602497728586e-02 9.535021391300510629e+00
5.308844442309884615e-02 9.577503011236526476e+00
5.370317963702526953e-02 9.618991267829162695e+00
5.432503314924330695e-02 9.660594984247889982e+00
5.495408738576248314e-02 9.702314481811868063e+00
5.559042572704037122e-02 9.744150082734464036e+00
5.623413251903491145e-02 9.786102064356892782e+00
5.688529308438412813e-02 9.827257125044802422e+00
5.754399373371572174e-02 9.868524230689182275e+00
5.821032177708716088e-02 9.909903686333247919e+00
5.888436553555889685e-02 9.951395797850700831e+00
5.956621435290103406e-02 9.993000857784913649e+00
6.025595860743580834e-02 1.003404066285871465e+01
6.095368972401693508e-02 1.007519038182334370e+01
6.165950018614822087e-02 1.011645030905309284e+01
6.237348354824191754e-02 1.015782073971066524e+01
6.309573444801935826e-02 1.019930195869693890e+01
6.382634861905489565e-02 1.024066059890851577e+01
6.456542290346556356e-02 1.028212938457621206e+01
6.531305526474723289e-02 1.032370860903707666e+01
6.606934480075964122e-02 1.036539856640936463e+01
6.683439175686148315e-02 1.040719955159462273e+01
6.760829753919818386e-02 1.044959042706934582e+01
6.839116472814292524e-02 1.049209549122975460e+01
6.918309709189363055e-02 1.053471504652616986e+01
6.998419960022737862e-02 1.057744940135056311e+01
7.079457843841380216e-02 1.062029886492556585e+01
7.161434102129020374e-02 1.066510682111958985e+01
7.244359600749898653e-02 1.071004069783457524e+01
7.328245331389043882e-02 1.075510080003755675e+01
7.413102413009177438e-02 1.080028748231341140e+01
7.498942093324557912e-02 1.084560118968524023e+01
7.585775750291835762e-02 1.089474173602375728e+01
7.673614893618194155e-02 1.094403156390213994e+01
7.762471166286918911e-02 1.099347112681509131e+01
7.852356346100718143e-02 1.104306087963497163e+01
7.943282347242813790e-02 1.109280142270112890e+01
8.035261221856176972e-02 1.114832461087462789e+01
8.128305161640994592e-02 1.120403550944480386e+01
8.222426499470712746e-02 1.125993475301487834e+01
8.317637711026708291e-02 1.131602297833347492e+01
8.413951416451956322e-02 1.137230091893763984e+01
8.511380382023767122e-02 1.143526416978203386e+01
8.609937521846007524e-02 1.149846476830100528e+01
8.709635899560805306e-02 1.156190360920562199e+01
8.810488730080145992e-02 1.162558159057971352e+01
8.912509381337459236e-02 1.168949961389251158e+01
9.015711376059570847e-02 1.176081927283186701e+01
9.120108393559096804e-02 1.183243782906424713e+01
9.225714271547638679e-02 1.190435649188964007e+01
9.332543007969915094e-02 1.197657651885873875e+01
9.440608762859235836e-02 1.204909917279185549e+01
9.549925860214358853e-02 1.213059143784066052e+01
9.660508789898131221e-02 1.221246591607780019e+01
9.772372209558111145e-02 1.229472430102606140e+01
9.885530946569390243e-02 1.237736839281127743e+01
1.000000000000000056e-01 1.246040000000000347e+01
1.011579454259898259e-01 1.255532750456906399e+01
1.023292992280753627e-01 1.265076151702271190e+01
1.035142166679343112e-01 1.274670473995212205e+01
1.047128548050900582e-01 1.284315989036879913e+01
1.059253725177289746e-01 1.294013699199615175e+01
1.071519305237607078e-01 1.306163978732536535e+01
1.083926914021203919e-01 1.318395059658859481e+01
1.096478196143185063e-01 1.330707479321378628e+01
1.109174815262400915e-01 1.343101778636312105e+01
1.122018454301963036e-01 1.355578502117056061e+01
1.135010815672314322e-01 1.373711315764205310e+01
1.148153621496884047e-01 1.392018897765349550e+01
1.161448613840343758e-01 1.410502258221801597e+01
1.174897554939530325e-01 1.429163084853182397e+01
1.188502227437018971e-01 1.448003804963333963e+01
1.202264434617413141e-01 1.471516116210920089e+01
1.216186000646367893e-01 1.495307485391620617e+01
1.230268770812381063e-01 1.519381224529049845e+01
1.244514611771384421e-01 1.543740684955861653e+01
1.258925411794166171e-01 1.568391696374611755e+01
1.273503081016662819e-01 1.599951690642044255e+01
1.288249551693134987e-01 1.631985661056361891e+01
1.303166778452299890e-01 1.664500725913784862e+01
1.318256738556407293e-01 1.697504110414944023e+01
1.333521432163324028e-01 1.731003912171833292e+01
1.348962882591653312e-01 1.773333082677561379e+01
1.364583136588923828e-01 1.816453647180609110e+01
1.380384264602883826e-01 1.860380401729459976e+01
1.396368361055939089e-01 1.905128419002260287e+01
1.412537544622755326e-01 1.950713053478710890e+01
1.428893958511103790e-01 2.005083331968631910e+01
1.445439770745927943e-01 2.060645017433387238e+01
1.462177174456718298e-01 2.117422990810524652e+01
1.479108388168207111e-01 2.175443877575375851e+01
1.496235656094432875e-01 2.234734886055352732e+01
1.513561248436207096e-01 2.299287395739478868e+01
1.531087461682031914e-01 2.365346474859694581e+01
1.548816618912482734e-01 2.432946260938319583e+01
1.566751070108150234e-01 2.502122688141620088e+01
1.584893192461114264e-01 2.572912007546890223e+01
1.603245390690041794e-01 2.642305979417770700e+01
1.621810097358929725e-01 2.713250364114149704e+01
1.640589773199538637e-01 2.785779801243255349e+01
1.659586907437559655e-01 2.859929704336762768e+01
1.678804018122558861e-01 2.935736278141949640e+01
1.698243652461746134e-01 3.003360641990298774e+01
1.717908387157589256e-01 3.072300237401546497e+01
1.737800828749376247e-01 3.142583757005035494e+01
1.757923613958693176e-01 3.214237399565405440e+01
1.778279410038922925e-01 3.287287874571985924e+01
1.798870915128787384e-01 3.348399424063968866e+01
1.819700858609982486e-01 3.410488146123680053e+01
1.840772001468954366e-01 3.473570056290675723e+01
1.862087136662869402e-01 3.537661041872417655e+01
1.883649089489801975e-01 3.602777244314025751e+01
1.905460717963248229e-01 3.656016941145741583e+01
1.927524913190936662e-01 3.709941433669776245e+01
1.949844599758045471e-01 3.764560078599305371e+01
1.972422736114853303e-01 3.819881811531858062e+01
1.995262314968878903e-01 3.875914653484278460e+01
2.018366363681559639e-01 3.922333569049011714e+01
2.041737944669531624e-01 3.969241197019394463e+01
2.065380155810531138e-01 4.016642682707675505e+01
2.089296130854040867e-01 4.064543225597532938e+01
2.113489039836647654e-01 4.112948079914369970e+01
2.137962089502232488e-01 4.154296526369191156e+01
2.162718523727020226e-01 4.196012664680014836e+01
2.187761623949551759e-01 4.238100065534749916e+01
2.213094709605636368e-01 4.280562033071362293e+01
2.238721138568342262e-01 4.323401657254263597e+01
2.264644307593061956e-01 4.361062864092572511e+01
2.290867652767774598e-01 4.399016129124930075e+01
2.317394649968479714e-01 4.437263717228011473e+01
2.344228815319922832e-01 4.475807910842333825e+01
2.371373705661655173e-01 4.514651010108470075e+01
2.398832919019489862e-01 4.549441845264838946e+01
2.426610095082414320e-01 4.584471462780200568e+01
2.454708915685028525e-01 4.619742511888692604e+01
2.483133105295572962e-01 4.655256656588343134e+01
2.511886431509582351e-01 4.691015572345781237e+01
2.540972705549306432e-01 4.723341389237206300e+01
2.570395782768864490e-01 4.755866777200669304e+01
2.600159563165271859e-01 4.788593425074940768e+01
2.630267991895381408e-01 4.821522578211860122e+01
2.660725059798808578e-01 4.854654953047825927e+01
2.691534803926913799e-01 4.884724985240735862e+01
2.722701308077915550e-01 4.914962845264600588e+01
2.754228703338169049e-01 4.945369469805502405e+01
2.786121168629772105e-01 4.975945800777396499e+01
2.818382931264454827e-01 5.006692521629292258e+01
2.851018267503909742e-01 5.034676303930363872e+01
2.884031503126605611e-01 5.062801445160806679e+01
2.917427014001165997e-01 5.091068659389467399e+01
2.951209226666384189e-01 5.119478664292264369e+01
2.985382618917963304e-01 5.148031983162911018e+01
3.019951720402019313e-01 5.174118571054752636e+01
3.054921113215515183e-01 5.200324944239224578e+01
3.090295432513592289e-01 5.226651652750568644e+01
3.126079367123955621e-01 5.253099249148677785e+01
3.162277660168379412e-01 5.279668288530713482e+01
3.198895109691397010e-01 5.304080117446171272e+01
3.235936569296281040e-01 5.328594322296743968e+01
3.273406948788379345e-01 5.353211479493309355e+01
3.311311214825914395e-01 5.377932021405008101e+01
3.349654391578279489e-01 5.402756382216784914e+01
3.388441561392027679e-01 5.425728145639242683e+01
3.427677865464504592e-01 5.448788524850566972e+01
3.467368504525316641e-01 5.471938147372585348e+01
3.507518739525679607e-01 5.495177358575516990e+01
3.548133892335753048e-01 5.518506505166181597e+01
3.589219346450049919e-01 5.540268734688981311e+01
3.630780547701017436e-01 5.562108975509222120e+01
3.672823004980849682e-01 5.584027755945098193e+01
3.715352290971727922e-01 5.606025358432664518e+01
3.758374042884443100e-01 5.628101936010081374e+01
3.801893963205612570e-01 5.648857393337094379e+01
3.845917820453535474e-01 5.669682770869498967e+01
3.890451449942805007e-01 5.690578304151870270e+01
3.935500754557772485e-01 5.711544229522253602e+01
3.981071705534977578e-01 5.732580739971242423e+01
4.027170343254594664e-01 5.752497981613382194e+01
4.073802778041130113e-01 5.772478536356962309e+01
4.120975190973303892e-01 5.792522605462222884e+01
4.168693834703355305e-01 5.812630390829169613e+01
4.216965034285822256e-01 5.832801988650488312e+01
4.265795188015925610e-01 5.852009028966254078e+01
4.315190768277650246e-01 5.871274020739004129e+01
4.365158322401656577e-01 5.890597138819799738e+01
4.415704473533129670e-01 5.909978558587260977e+01
4.466835921509634821e-01 5.929418455949161171e+01
4.518559443749226023e-01 5.947995204554636928e+01
4.570881896148751844e-01 5.966625279808512516e+01
4.623810213992603502e-01 5.985308908107154480e+01
4.677351412871981196e-01 6.004046243391356086e+01
4.731512589614803033e-01 6.022837440044429513e+01
4.786300923226380344e-01 6.040825214417931477e+01
4.841723675840998720e-01 6.058862225936024970e+01
4.897788193684466385e-01 6.076948726343677265e+01
4.954501908047905245e-01 6.095084851425593797e+01
5.011872336272724660e-01 6.113270704236576591e+01
5.069907082747044935e-01 6.130686729481753616e+01
5.128613839913648276e-01 6.148148391696442161e+01
5.188000389289609826e-01 6.165655810467799824e+01
5.248074602497723173e-01 6.183209105696354868e+01
5.308844442309890166e-01 6.200808397596819077e+01
5.370317963702532227e-01 6.217650489524098134e+01
5.432503314924336246e-01 6.234534632073423666e+01
5.495408738576248453e-01 6.251461003465533395e+01
5.559042572704037122e-01 6.268429709318768062e+01
5.623413251903490728e-01 6.285440816152137700e+01
5.688529308438413645e-01 6.301708908925364483e+01
5.754399373371565929e-01 6.318015815396458379e+01
5.821032177708709288e-01 6.334361628170208292e+01
5.888436553555895792e-01 6.350746440072333598e+01
5.956621435290109234e-01 6.367170328092956311e+01
6.025595860743581111e-01 6.382864423392859976e+01
6.095368972401693508e-01 6.398594213875753667e+01
6.165950018614821948e-01 6.414359780727973259e+01
6.237348354824191476e-01 6.430161205320507634e+01
6.309573444801930275e-01 6.445998569209417894e+01
6.382634861905482904e-01 6.461143006473953676e+01
6.456542290346563018e-01 6.476320241028798819e+01
6.531305526474729950e-01 6.491530409826161474e+01
6.606934480075964400e-01 6.506773584332579219e+01
6.683439175686148870e-01 6.522049836169668424e+01
6.760829753919819218e-01 6.536682968815897254e+01
6.839116472814292802e-01 6.551346445094272042e+01
6.918309709189363055e-01 6.566040335185653021e+01
6.998419960022731479e-01 6.580764702171957481e+01
7.079457843841387987e-01 6.595519609265932104e+01
7.161434102129027313e-01 6.609701231298450352e+01
7.244359600749905592e-01 6.623911050333730088e+01
7.328245331389044992e-01 6.638149138442153685e+01
7.413102413009177161e-01 6.652415551862341658e+01
7.498942093324558744e-01 6.666710334162827678e+01
7.585775750291835484e-01 6.680505373635911326e+01
7.673614893618185828e-01 6.694326844976887969e+01
7.762471166286911695e-01 6.708174798830324903e+01
7.852356346100726192e-01 6.722049285937804086e+01
7.943282347242821562e-01 6.735950345614705270e+01
8.035261221856176972e-01 6.749428243093986168e+01
8.128305161640995147e-01 6.762931130766118315e+01
8.222426499470711914e-01 6.776459054966942119e+01
8.317637711026708569e-01 6.790012062118213976e+01
8.413951416451947996e-01 6.803590193107231698e+01
8.511380382023758795e-01 6.816808422660555777e+01
8.609937521846016129e-01 6.830050467146591586e+01
8.709635899560814742e-01 6.843316369472069027e+01
8.810488730080147102e-01 6.856606172621023632e+01
8.912509381337458958e-01 6.869919919654925877e+01
9.015711376059570847e-01 6.882919928762115092e+01
9.120108393559096527e-01 6.895942764537251435e+01
9.225714271547628131e-01 6.908988469101409180e+01
9.332543007969904547e-01 6.922057082613382306e+01
9.440608762859244996e-01 6.935148645302497528e+01
9.549925860214368845e-01 6.947956932789932694e+01
9.660508789898141213e-01 6.960787155329897757e+01
9.772372209558111145e-01 6.973639382208570225e+01
9.885530946569390798e-01 6.986513651164254668e+01
1.000000000000000000e+00 6.999409999999997467e+01
1.011579454259898370e+00 7.012030415662435701e+01
1.023292992280753655e+00 7.024671976460922451e+01
1.035142166679343001e+00 7.037334717823515007e+01
1.047128548050900720e+00 7.050018675237626553e+01
1.059253725177289773e+00 7.062723789041814371e+01
1.071519305237607078e+00 7.075138086488301781e+01
1.083926914021203780e+00 7.087572673478075558e+01
1.096478196143185091e+00 7.100027583171737433e+01
1.109174815262400804e+00 7.112502848784085074e+01
1.122018454301962898e+00 7.124998503584201615e+01
1.135010815672314211e+00 7.137180416470613409e+01
1.148153621496884158e+00 7.149381667479023861e+01
1.161448613840343702e+00 7.161602327360185427e+01
1.174897554939530409e+00 7.173842426988341003e+01
1.188502227437018943e+00 7.186101936661729894e+01
1.202264434617413169e+00 7.198008005599696446e+01
1.216186000646367837e+00 7.209932438533948584e+01
1.230268770812381174e+00 7.221875263789247867e+01
1.244514611771384338e+00 7.233836509734017284e+01
1.258925411794168836e+00 7.245816204780444991e+01
1.273503081016662986e+00 7.257402718990147150e+01
1.288249551693134931e+00 7.269006360606712747e+01
1.303166778452300001e+00 7.280627285493413581e+01
1.318256738556407459e+00 7.292265519393139073e+01
1.333521432163323972e+00 7.303921045645532217e+01
1.348962882591653312e+00 7.315138338309549226e+01
1.364583136588923828e+00 7.326371686622366042e+01
1.380384264602883881e+00 7.337621113564902942e+01
1.396368361055939200e+00 7.348886642150993964e+01
1.412537544622755492e+00 7.360168295427403962e+01
1.428893958511103568e+00 7.370970541105695872e+01
1.445439770745927888e+00 7.381787495239861130e+01
1.462177174456718243e+00 7.392619252789091888e+01
1.479108388168207222e+00 7.403465834012430946e+01
1.496235656094432764e+00 7.414327259196630848e+01
1.513561248436207096e+00 7.424675295891779570e+01
1.531087461682031803e+00 7.435036673036451305e+01
1.548816618912482790e+00 7.445411541239469955e+01
1.566751070108150179e+00 7.455799918066909981e+01
1.584893192461114042e+00 7.466201723128644119e+01
1.603245390690041683e+00 7.476056453986485906e+01
1.621810097358929781e+00 7.485923325444927912e+01
1.640589773199538692e+00 7.495802352460673035e+01
1.659586907437559766e+00 7.505693550008822967e+01
1.678804018122562303e+00 7.515596933082954934e+01
1.698243652461745912e+00 7.524935938195106644e+01
1.717908387157589312e+00 7.534285600837564800e+01
1.737800828749376247e+00 7.543646111872187987e+01
1.757923613958693121e+00 7.553017483886334560e+01
1.778279410038922759e+00 7.562399729481990107e+01
1.798870915128787384e+00 7.571202558108137737e+01
1.819700858609982541e+00 7.580014941723754873e+01
1.840772001468954366e+00 7.588836907728909864e+01
1.862087136662869513e+00 7.597668466543295551e+01
1.883649089489802142e+00 7.606509628597903827e+01
1.905460717963248340e+00 7.614765126936298145e+01
1.927524913190936662e+00 7.623028973344671044e+01
1.949844599758045582e+00 7.631301201283103808e+01
1.972422736114853414e+00 7.639581819252499884e+01
1.995262314968878847e+00 7.647870776545192939e+01
2.018366363681559861e+00 7.655580016927316933e+01
2.041737944669531846e+00 7.663296522064698024e+01
2.065380155810531360e+00 7.671020298803246362e+01
2.089296130854040978e+00 7.678751353995296824e+01
2.113489039836647709e+00 7.686489694499670122e+01
2.137962089502232654e+00 7.693655332898465815e+01
2.162718523727019893e+00 7.700827195257821245e+01
2.187761623949551648e+00 7.708005309890421586e+01
2.213094709605636368e+00 7.715189682246868585e+01
2.238721138568342539e+00 7.722380293067601542e+01
2.264644307593061789e+00 7.729017247173483440e+01
2.290867652767774931e+00 7.735659537059368063e+01
2.317394649968479658e+00 7.742307167014946856e+01
2.344228815319922887e+00 7.748960141333364504e+01
2.371373705661655062e+00 7.755618464311234561e+01
2.398832919019489918e+00 7.761741666193771039e+01
2.426610095082414542e+00 7.767869266830662411e+01
2.454708915685028359e+00 7.774001394101992446e+01
2.483133105295572740e+00 7.780138051351703155e+01
2.511886431509582351e+00 7.786279241926226291e+01
2.540972705549306543e+00 7.791666724399743771e+01
2.570395782768864823e+00 7.797057602100635165e+01
2.600159563165272303e+00 7.802451970798685466e+01
2.630267991895381297e+00 7.807849832754564545e+01
2.660725059798808356e+00 7.813251190230432996e+01
2.691534803926913799e+00 7.818656045489885287e+01
2.722701308077915439e+00 7.824064400798015129e+01
2.754228703338168938e+00 7.829476258421358636e+01
2.786121168629771994e+00 7.834891620627918485e+01
2.818382931264455049e+00 7.840310407132604098e+01
2.851018267503909964e+00 7.844818400181925711e+01
2.884031503126605500e+00 7.849328820214006441e+01
2.917427014001165997e+00 7.853841668535467591e+01
2.951209226666383856e+00 7.858356946453635317e+01
2.985382618917963082e+00 7.862874655276539215e+01
3.019951720402019202e+00 7.867394796312912320e+01
3.054921113215515405e+00 7.871917370872193942e+01
3.090295432513591845e+00 7.876442380264528254e+01
3.126079367123955954e+00 7.880969825800764283e+01
3.162277660168379523e+00 7.885499708792455920e+01
3.198895109691397121e+00 7.889240239895077877e+01
3.235936569296280929e+00 7.892982382080205639e+01
3.273406948788379456e+00 7.896726186951815407e+01
3.311311214825914284e+00 7.900471655248669833e+01
3.349654391578279267e+00 7.904218787709838523e+01
3.388441561392027346e+00 7.907967585074740668e+01
3.427677865464504592e+00 7.911718048083113786e+01
3.467368504525316641e+00 7.915470177475029345e+01
3.507518739525679496e+00 7.919223973990891352e+01
3.548133892335753270e+00 7.922979438371410765e+01
3.589219346450049919e+00 7.926062533656083531e+01
3.630780547701017547e+00 7.929146652219579039e+01
3.672823004980850126e+00 7.932231895225764617e+01
3.715352290971727811e+00 7.935318263084616319e+01
3.758374042884443433e+00 7.938405756206230990e+01
3.801893963205612792e+00 7.941494375000877426e+01
3.845917820453535363e+00 7.944584119878975059e+01
3.890451449942804896e+00 7.947674991251065535e+01
3.935500754557772485e+00 7.950766989527876660e+01
3.981071705534977578e+00 7.953860094151892213e+01
4.027170343254594442e+00 7.956390666435245862e+01
4.073802778041129891e+00 7.958921993268380390e+01
4.120975190973304336e+00 7.961454074876267839e+01
4.168693834703354639e+00 7.963986911483974040e+01
4.216965034285822256e+00 7.966520503316608881e+01
4.265795188015925277e+00 7.969054850599373196e+01
4.315190768277649802e+00 7.971589953557506192e+01
4.365158322401656577e+00 7.974125812416347969e+01
4.415704473533129892e+00 7.976662427401278421e+01
4.466835921509634488e+00 7.979199798737748495e+01
4.518559443749226467e+00 7.981272587769026927e+01
4.570881896148751622e+00 7.983345844622404286e+01
4.623810213992602947e+00 7.985419606318532715e+01
4.677351412871980862e+00 7.987493872980336107e+01
4.731512589614802700e+00 7.989568644730766778e+01
4.786300923226380455e+00 7.991643921692829622e+01
4.841723675840999164e+00 7.993719703989538061e+01
4.897788193684466052e+00 7.995795991743933939e+01
4.954501908047905800e+00 7.997872785079113100e+01
5.011872336272724660e+00 7.999950068843857309e+01
5.069907082747044491e+00 8.001650544769832152e+01
5.128613839913648498e+00 8.003351359570562806e+01
5.188000389289609160e+00 8.005052513313596307e+01
5.248074602497722729e+00 8.006754006066468321e+01
5.308844442309889722e+00 8.008455837896740093e+01
5.370317963702532893e+00 8.010158008871981394e+01
5.432503314924336024e+00 8.011860519059779051e+01
5.495408738576248453e+00 8.013563368527732678e+01
5.559042572704036900e+00 8.015266557343446152e+01
5.623413251903491172e+00 8.016970070713016128e+01
5.688529308438413423e+00 8.018378007152861642e+01
5.754399373371566817e+00 8.019786175438356679e+01
5.821032177708709732e+00 8.021194575607685806e+01
5.888436553555895792e+00 8.022603207699042116e+01
5.956621435290109901e+00 8.024012071750601649e+01
6.025595860743581333e+00 8.025421167800574551e+01
6.095368972401693952e+00 8.026830495887151073e+01
6.165950018614822170e+00 8.028240056048548468e+01
6.237348354824191254e+00 8.029649848322988248e+01
6.309573444801929831e+00 8.031059872748679140e+01
6.382634861905482460e+00 8.032257146130804415e+01
6.456542290346562574e+00 8.033454567669427604e+01
6.531305526474729284e+00 8.034652156606414053e+01
6.606934480075964622e+00 8.035849912965160513e+01
6.683439175686149092e+00 8.037047836769063736e+01
6.760829753919819218e+00 8.038245928041547472e+01
6.839116472814292358e+00 8.039444186806015580e+01
6.918309709189363055e+00 8.040642613085876178e+01
6.998419960022730812e+00 8.041841206904562966e+01
7.079457843841387543e+00 8.043039968285489749e+01
7.161434102129026869e+00 8.044128343207097487e+01
7.244359600749906036e+00 8.045216853327208639e+01
7.328245331389044104e+00 8.046305501587652032e+01
7.413102413009177383e+00 8.047394288005962437e+01
7.498942093324558300e+00 8.048483212599661840e+01
7.585775750291835706e+00 8.049572275386303488e+01
7.673614893618185384e+00 8.050661476383417892e+01
7.762471166286911917e+00 8.051750815608542666e+01
7.852356346100726192e+00 8.052840293079221112e+01
7.943282347242821118e+00 8.053929908812990845e+01
8.035261221856176306e+00 8.055043265662837371e+01
8.128305161640994925e+00 8.056156768842075167e+01
8.222426499470712358e+00 8.057270416394375445e+01
8.317637711026709013e+00 8.058384208338456745e+01
8.413951416451947551e+00 8.059498144693041866e+01
8.511380382023759239e+00 8.060612225476853610e+01
8.609937521846015684e+00 8.061726450708619041e+01
8.709635899560813854e+00 8.062840820407066644e+01
8.810488730080146880e+00 8.063955334590927748e+01
8.912509381337459402e+00 8.065069993278933680e+01
9.015711376059570625e+00 8.066379095605825000e+01
9.120108393559096527e+00 8.067688398421105944e+01
9.225714271547628798e+00 8.068997900583791250e+01
9.332543007969904991e+00 8.070307602124231039e+01
9.440608762859245218e+00 8.071617503072782540e+01
9.549925860214369067e+00 8.072927603459805823e+01
9.660508789898141657e+00 8.074237903315666642e+01
9.772372209558112033e+00 8.075548402670735015e+01
9.885530946569391020e+00 8.076859101555386644e+01
1.000000000000000000e+01 8.078169999999998652e+01
1.011579454259898192e+01 8.079751515678204044e+01
1.023292992280753566e+01 8.081333321813731629e+01
1.035142166679345088e+01 8.082915418459911905e+01
1.047128548050900676e+01 8.084497805670106629e+01
1.059253725177289773e+01 8.086080561708827474e+01
1.071519305237607078e+01 8.087919620348374394e+01
1.083926914021203913e+01 8.089759071386735911e+01
1.096478196143185180e+01 8.091598914907645224e+01
1.109174815262400848e+01 8.093439150994854003e+01
1.122018454301962898e+01 8.095279779732108238e+01
1.135010815672314344e+01 8.097426795677648670e+01
1.148153621496884114e+01 8.099574382500871650e+01
1.161448613840343747e+01 8.101722503724366220e+01
1.174897554939530231e+01 8.103871159481107611e+01
1.188502227437018988e+01 8.106020408641593633e+01
1.202264434617413080e+01 8.108531054957190065e+01
1.216186000646367837e+01 8.111042430905099820e+01
1.230268770812381085e+01 8.113554536697364483e+01
1.244514611771384338e+01 8.116067372546079639e+01
1.258925411794168703e+01 8.118581091539842021e+01
1.273503081016662897e+01 8.121504950932684608e+01
1.288249551693134975e+01 8.124429798457543939e+01
1.303166778452300001e+01 8.127355634448379362e+01
1.318256738556407370e+01 8.130282459239234072e+01
1.333521432163323972e+01 8.133210315349846553e+01
1.348962882591653312e+01 8.136591510580744568e+01
1.364583136588923828e+01 8.139974025005939495e+01
1.380384264602886724e+01 8.143357859140132859e+01
1.396368361055939111e+01 8.146743013498199559e+01
1.412537544622755448e+01 8.150129488595250393e+01
1.428893958511103612e+01 8.154005873273932536e+01
1.445439770745928065e+01 8.157884062281372906e+01
1.462177174456718376e+01 8.161763982640624704e+01
1.479108388168207178e+01 8.165645635124633372e+01
1.496235656094432720e+01 8.169529020506664097e+01
1.513561248436207229e+01 8.173936798055567010e+01
1.531087461682031936e+01 8.178346940006886712e+01
1.548816618912482745e+01 8.182759315722020688e+01
1.566751070108150046e+01 8.187173926332383189e+01
1.584893192461114175e+01 8.191590868324139763e+01
1.603245390690041816e+01 8.196555248850738451e+01
1.621810097358929781e+01 8.201522454143923824e+01
1.640589773199538826e+01 8.206492485811016024e+01
1.659586907437559589e+01 8.211465345460226217e+01
1.678804018122562525e+01 8.216441153164252853e+01
1.698243652461745867e+01 8.221989848326465733e+01
1.717908387157589445e+01 8.227542062323941252e+01
1.737800828749376336e+01 8.233097797388239769e+01
1.757923613958693210e+01 8.238657055752312885e+01
1.778279410038922848e+01 8.244219839650558868e+01
1.798870915128787473e+01 8.250369183956802033e+01
1.819700858609982674e+01 8.256522853299627229e+01
1.840772001468958052e+01 8.262680833907300837e+01
1.862087136662869469e+01 8.268843128800298814e+01
1.883649089489802009e+01 8.275009741001213115e+01
1.905460717963248385e+01 8.281775507584907814e+01
1.927524913190936573e+01 8.288546496176662970e+01
1.949844599758045405e+01 8.295322685811419205e+01
1.972422736114853592e+01 8.302104080484294002e+01
1.995262314968878670e+01 8.308890745173570735e+01
2.018366363681559505e+01 8.316288149445453826e+01
2.041737944669531757e+01 8.323691742583741870e+01
2.065380155810531093e+01 8.331101529766189628e+01
2.089296130854040712e+01 8.338517516174908906e+01
2.113489039836647621e+01 8.345939706996345819e+01
2.137962089502232388e+01 8.353977252731438341e+01
2.162718523727020070e+01 8.362022098370781009e+01
2.187761623949552003e+01 8.370074226483724544e+01
2.213094709605636368e+01 8.378133643662616237e+01
2.238721138568342184e+01 8.386200383216844045e+01
2.264644307593061967e+01 8.394879635348011959e+01
2.290867652767774842e+01 8.403567333190905231e+01
2.317394649968479570e+01 8.412263484963982307e+01
2.344228815319922532e+01 8.420968098893693821e+01
2.371373705661655151e+01 8.429681264644815997e+01
2.398832919019490006e+01 8.439003368624132406e+01
2.426610095082414276e+01 8.448335168489673208e+01
2.454708915685033688e+01 8.457676674326094712e+01
2.483133105295572918e+01 8.467027896228539419e+01
2.511886431509581996e+01 8.476388844302655912e+01
2.540972705549306454e+01 8.486341335352608439e+01
2.570395782768864734e+01 8.496304892541368758e+01
2.600159563165272303e+01 8.506279456290131691e+01
2.630267991895381385e+01 8.516265038757627792e+01
2.660725059798808445e+01 8.526261744099927853e+01
2.691534803926914066e+01 8.536826915736884303e+01
2.722701308077915527e+01 8.547404408712915824e+01
2.754228703338169026e+01 8.557994237397427639e+01
2.786121168629772171e+01 8.568596416176613673e+01
2.818382931264455138e+01 8.579211006291306774e+01
2.851018267503909698e+01 8.590357022928702690e+01
2.884031503126605855e+01 8.601516673250074518e+01
2.917427014001166086e+01 8.612689973931996690e+01
2.951209226666383856e+01 8.623876941671436214e+01
2.985382618917963171e+01 8.635077593185788203e+01
3.019951720402019291e+01 8.646760032138038810e+01
3.054921113215515405e+01 8.658457458051519495e+01
3.090295432513591933e+01 8.670169789477482425e+01
3.126079367123955777e+01 8.681897045409360203e+01
3.162277660168379256e+01 8.693639244864792204e+01
3.198895109691397209e+01 8.705807515741747693e+01
3.235936569296281107e+01 8.717991860742020549e+01
3.273406948788386472e+01 8.730192274640735661e+01
3.311311214825914817e+01 8.742408778629786070e+01
3.349654391578279444e+01 8.754641431807590379e+01
3.388441561392027523e+01 8.767223251873380718e+01
3.427677865464504947e+01 8.779822116238858598e+01
3.467368504525316553e+01 8.792438047993550754e+01
3.507518739525679763e+01 8.805071070258235011e+01
3.548133892335753359e+01 8.817721230067118654e+01
3.589219346450050097e+01 8.830639484026546882e+01
3.630780547701017724e+01 8.843575584779695475e+01
3.672823004980850214e+01 8.856529556982232521e+01
3.715352290971728166e+01 8.869501425323876731e+01
3.758374042884442900e+01 8.882491229200721250e+01
3.801893963205612437e+01 8.895656215383577603e+01
3.845917820453535541e+01 8.908839609096820311e+01
3.890451449942804629e+01 8.922041436078184518e+01
3.935500754557772041e+01 8.935261722101429882e+01
3.981071705534977667e+01 8.948500495185007253e+01
4.027170343254594798e+01 8.961817215160310468e+01
4.073802778041130068e+01 8.975152638303507047e+01
4.120975190973304336e+01 8.988506790882983921e+01
4.168693834703355350e+01 9.001879699203992402e+01
4.216965034285822611e+01 9.015271385416627936e+01
4.265795188015925277e+01 9.028641399798034683e+01
4.315190768277650335e+01 9.042030135510378841e+01
4.365158322401665458e+01 9.055437618768168306e+01
4.415704473533129715e+01 9.068863875822593457e+01
4.466835921509634488e+01 9.082308932961626624e+01
4.518559443749226290e+01 9.095628331242517106e+01
4.570881896148751622e+01 9.108966168359789606e+01
4.623810213992603479e+01 9.122322481314840559e+01
4.677351412871981040e+01 9.135697295700788345e+01
4.731512589614802522e+01 9.149090625761913032e+01
4.786300923226380633e+01 9.162262719120235488e+01
4.841723675840999164e+01 9.175452732487164553e+01
4.897788193684466052e+01 9.188660690242033979e+01
4.954501908047905090e+01 9.201886616797330021e+01
5.011872336272725192e+01 9.215130523166412502e+01
5.069907082747044313e+01 9.228060262726241092e+01
5.128613839913648320e+01 9.241007151964902278e+01
5.188000389289609160e+01 9.253971213629277770e+01
5.248074602497722907e+01 9.266952470496445926e+01
5.308844442309889899e+01 9.279950915309889581e+01
5.370317963702532893e+01 9.292552453011647629e+01
5.432503314924336024e+01 9.305170173199662997e+01
5.495408738576248453e+01 9.317804096654950285e+01
5.559042572704036900e+01 9.330454244185239077e+01
5.623413251903490817e+01 9.343120612164307204e+01
5.688529308438413068e+01 9.355315671751870354e+01
5.754399373371566639e+01 9.367525789754711241e+01
5.821032177708721633e+01 9.379750984766897659e+01
5.888436553555895614e+01 9.391991275405456463e+01
5.956621435290109190e+01 9.404246680310430406e+01
6.025595860743580801e+01 9.415969882367784294e+01
6.095368972401693952e+01 9.427706766111580805e+01
6.165950018614822170e+01 9.439457495886617266e+01
6.237348354824191432e+01 9.451222088027084567e+01
6.309573444801930009e+01 9.463000531051311270e+01
6.382634861905482637e+01 9.474205253459022913e+01
6.456542290346563107e+01 9.485422535407518296e+01
6.531305526474729106e+01 9.496652390974958280e+01
6.606934480075963734e+01 9.507894834255314720e+01
6.683439175686149269e+01 9.519149879358327837e+01
6.760829753919819041e+01 9.529767399668752148e+01
6.839116472814292536e+01 9.540396127640580914e+01
6.918309709189362877e+01 9.551036082076521438e+01
6.998419960022731345e+01 9.561687274834369532e+01
7.079457843841387898e+01 9.572349717784483403e+01
7.161434102129027224e+01 9.582389866126693789e+01
7.244359600749905326e+01 9.592439973010392862e+01
7.328245331389044281e+01 9.602500065089969894e+01
7.413102413009177383e+01 9.612570152286103564e+01
7.498942093324558300e+01 9.622650227875077178e+01
7.585775750291836061e+01 9.632052804037228100e+01
7.673614893618186272e+01 9.641464085501485215e+01
7.762471166286927371e+01 9.650884080327564618e+01
7.852356346100725659e+01 9.660312796582685735e+01
7.943282347242821118e+01 9.669750225382055930e+01
8.035261221856177372e+01 9.678535065177088370e+01
8.128305161640994925e+01 9.687327468916177509e+01
8.222426499470712713e+01 9.696127443112067112e+01
8.317637711026708303e+01 9.704934994283082972e+01
8.413951416451946841e+01 9.713750119371985647e+01
8.511380382023759239e+01 9.721917056756767295e+01
8.609937521846016750e+01 9.730090503380087341e+01
8.709635899560814210e+01 9.738270464429952256e+01
8.810488730080146524e+01 9.746456945098529445e+01
8.912509381337459047e+01 9.754649950582097517e+01
9.015711376059570625e+01 9.762198859761006986e+01
9.120108393559097237e+01 9.769753304253407578e+01
9.225714271547629153e+01 9.777313292043727699e+01
9.332543007969904636e+01 9.784878827199517559e+01
9.440608762859245928e+01 9.792449913791340066e+01
9.549925860214368356e+01 9.799400572709549806e+01
9.660508789898140947e+01 9.806355903366711857e+01
9.772372209558110967e+01 9.813315916032678388e+01
9.885530946569390665e+01 9.820280613859162600e+01
1.000000000000000000e+02 9.827249999999999375e+01
1.011579454259898228e+02 9.833622546158940736e+01
1.023292992280753566e+02 9.839999012025270986e+01
1.035142166679345195e+02 9.846379400009992366e+01
1.047128548050900605e+02 9.852763712525560891e+01
1.059253725177289738e+02 9.859151781265066461e+01
1.071519305237606972e+02 9.864984733533748340e+01
1.083926914021203913e+02 9.870820959731562994e+01
1.096478196143185073e+02 9.876660461696106097e+01
1.109174815262400955e+02 9.882503241266007876e+01
1.122018454301963004e+02 9.888349300280926002e+01
1.135010815672314379e+02 9.893664240893498629e+01
1.148153621496884114e+02 9.898981828156162521e+01
1.161448613840343853e+02 9.904302127369462028e+01
1.174897554939530266e+02 9.909625139916488479e+01
1.188502227437018917e+02 9.914950783763600839e+01
1.202264434617413116e+02 9.919766545910665911e+01
1.216186000646367944e+02 9.924584527770913667e+01
1.230268770812381121e+02 9.929404730367465959e+01
1.244514611771384409e+02 9.934227154723922126e+01
1.258925411794168809e+02 9.939051633625895477e+01
1.273503081016663003e+02 9.943427729791507375e+01
1.288249551693134833e+02 9.947805654646184337e+01
1.303166778452300036e+02 9.952185408954082391e+01
1.318256738556407299e+02 9.956566993479717098e+01
1.333521432163323936e+02 9.960950369038496888e+01
1.348962882591653170e+02 9.964907190535612358e+01
1.364583136588923935e+02 9.968865503974399189e+01
1.380384264602886617e+02 9.972825309917385539e+01
1.396368361055939147e+02 9.976786608927335465e+01
1.412537544622755377e+02 9.980749401567220502e+01
1.428893958511103790e+02 9.984306982368279648e+01
1.445439770745927888e+02 9.987865705521785742e+01
1.462177174456718376e+02 9.991425632828615733e+01
1.479108388168207284e+02 9.994986764696237458e+01
1.496235656094432898e+02 9.998549101532212546e+01
1.513561248436207052e+02 1.000176749608055928e+02
1.531087461682031972e+02 1.000498678706815525e+02
1.548816618912482852e+02 1.000820706182547184e+02
1.566751070108150259e+02 1.001142832065312405e+02
1.584893192461114211e+02 1.001465050354632638e+02
1.603245390690041745e+02 1.001752895119071667e+02
1.621810097358929852e+02 1.002040818435804965e+02
1.640589773199538683e+02 1.002328820326271313e+02
1.659586907437559660e+02 1.002616900811912188e+02
1.678804018122562240e+02 1.002905054016155759e+02
1.698243652461746080e+02 1.003164913815336519e+02
1.717908387157589516e+02 1.003424837547931645e+02
1.737800828749376194e+02 1.003684825229670992e+02
1.757923613958693068e+02 1.003944876876286827e+02
1.778279410038922776e+02 1.004204992503518525e+02
1.798870915128787260e+02 1.004436869592923642e+02
1.819700858609982674e+02 1.004668796709567999e+02
1.840772001468958194e+02 1.004900774680007487e+02
1.862087136662869398e+02 1.005132803515390805e+02
1.883649089489802009e+02 1.005364883226872053e+02
1.905460717963248385e+02 1.005572838804962004e+02
1.927524913190936502e+02 1.005780823061041218e+02
1.949844599758045547e+02 1.005988848169284040e+02
1.972422736114853308e+02 1.006196914137714771e+02
1.995262314968878741e+02 1.006405018735702441e+02
2.018366363681559790e+02 1.006590948264724403e+02
2.041737944669531544e+02 1.006776910415679964e+02
2.065380155810531164e+02 1.006962905194291693e+02
2.089296130854040712e+02 1.007148932606286138e+02
2.113489039836647692e+02 1.007334992657388000e+02
2.137962089502232459e+02 1.007500931413449052e+02
2.162718523727019999e+02 1.007666895335456019e+02
2.187761623949551790e+02 1.007832885222649111e+02
2.213094709605636581e+02 1.007998901079091496e+02
2.238721138568342326e+02 1.008164942908844210e+02
2.264644307593061967e+02 1.008312922060994907e+02
2.290867652767774700e+02 1.008460915620870253e+02
2.317394649968479712e+02 1.008608929811609585e+02
2.344228815319922603e+02 1.008756964636086764e+02
2.371373705661655151e+02 1.008905017910056614e+02
2.398832919019489793e+02 1.009036978278118539e+02
2.426610095082414205e+02 1.009168955039868507e+02
2.454708915685033617e+02 1.009300948197342365e+02
2.483133105295572989e+02 1.009432957752576812e+02
2.511886431509582280e+02 1.009564983707608974e+02
2.540972705549306454e+02 1.009682966058456230e+02
2.570395782768864592e+02 1.009800959770431348e+02
2.600159563165271948e+02 1.009918966579935784e+02
2.630267991895381670e+02 1.010036986488423452e+02
2.660725059798808729e+02 1.010155017504074237e+02
2.691534803926913924e+02 1.010260994794792282e+02
2.722701308077915314e+02 1.010366982646497291e+02
2.754228703338168884e+02 1.010472981060239448e+02
2.786121168629772455e+02 1.010578990037073339e+02
2.818382931264454783e+02 1.010685008489855079e+02
2.851018267503909556e+02 1.010778991620010743e+02
2.884031503126605571e+02 1.010872983051775265e+02
2.917427014001165730e+02 1.010966982785881783e+02
2.951209226666384211e+02 1.011060990823063577e+02
2.985382618917963100e+02 1.011155006399083902e+02
3.019951720402019077e+02 1.011238990785828236e+02
3.054921113215515334e+02 1.011322981798821843e+02
3.090295432513592004e+02 1.011406979438587399e+02
3.126079367123955990e+02 1.011490983705647722e+02
3.162277660168379612e+02 1.011574994600525770e+02
3.198895109691397352e+02 1.011648983761067200e+02
3.235936569296280823e+02 1.011722977417873466e+02
3.273406948788386330e+02 1.011796976215804449e+02
3.311311214825914249e+02 1.011870980155218405e+02
3.349654391578279160e+02 1.011944989236470462e+02
3.388441561392027666e+02 1.012010985402493475e+02
3.427677865464504521e+02 1.012076984490918079e+02
3.467368504525316553e+02 1.012142987668156451e+02
3.507518739525679621e+02 1.012208994934463817e+02
3.548133892335753217e+02 1.012275005715769538e+02
3.589219346450049670e+02 1.012334993392550331e+02
3.630780547701017440e+02 1.012394984446386275e+02
3.672823004980849646e+02 1.012454978877465521e+02
3.715352290971727598e+02 1.012514976685979065e+02
3.758374042884443043e+02 1.012574977872118183e+02
3.801893963205612863e+02 1.012626979972614976e+02
3.845917820453535114e+02 1.012678981657815314e+02
3.890451449942804629e+02 1.012730985879928198e+02
3.935500754557772325e+02 1.012782992639075559e+02
3.981071705534977241e+02 1.012835001785892359e+02
4.027170343254595082e+02 1.012882996125421897e+02
4.073802778041130068e+02 1.012930992625509674e+02
4.120975190973304052e+02 1.012978991286251187e+02
4.168693834703354923e+02 1.013026992107744491e+02
4.216965034285822753e+02 1.013074995090087072e+02
4.265795188015925419e+02 1.013116990956306580e+02
4.315190768277649909e+02 1.013158987861673666e+02
4.365158322401665600e+02 1.013200986420926313e+02
4.415704473533129999e+02 1.013242986634130745e+02
4.466835921509634773e+02 1.013284988501350199e+02
4.518559443749226148e+02 1.013320988706532120e+02
4.570881896148752048e+02 1.013356988482848209e+02
4.623810213992603622e+02 1.013392989474194508e+02
4.677351412871981324e+02 1.013428991680614075e+02
4.731512589614802664e+02 1.013464995102145991e+02
4.786300923226380064e+02 1.013498994408099492e+02
4.841723675840999022e+02 1.013532994524809965e+02
4.897788193684466478e+02 1.013566995725138185e+02
4.954501908047905658e+02 1.013600998009119110e+02
5.011872336272724624e+02 1.013635001214594666e+02
5.069907082747044456e+02 1.013664999720850659e+02
5.128613839913648462e+02 1.013694999070556548e+02
5.188000389289609302e+02 1.013724999263735782e+02
5.248074602497722481e+02 1.013755000300411524e+02
5.308844442309889473e+02 1.013785001889592792e+02
5.370317963702532325e+02 1.013811000505985334e+02
5.432503314924335882e+02 1.013836999755808108e+02
5.495408738576247742e+02 1.013862999639078453e+02
5.559042572704037184e+02 1.013889000155810720e+02
5.623413251903490391e+02 1.013915001205414370e+02
5.688529308438413636e+02 1.013938999985441995e+02
5.754399373371566071e+02 1.013962999305135639e+02
5.821032177708722202e+02 1.013986999164505818e+02
5.888436553555895898e+02 1.014010999563566173e+02
5.956621435290109048e+02 1.014035000418567734e+02
6.025595860743580943e+02 1.014054999775058548e+02
6.095368972401693100e+02 1.014074999506289458e+02
6.165950018614821602e+02 1.014094999612265866e+02
6.237348354824191574e+02 1.014115000092996439e+02
6.309573444801930009e+02 1.014135000853548121e+02
6.382634861905495427e+02 1.014153000037255339e+02
6.456542290346562822e+02 1.014170999524465913e+02
6.531305526474729959e+02 1.014188999315183963e+02
6.606934480075964302e+02 1.014206999409413754e+02
6.683439175686148701e+02 1.014224999807162249e+02
6.760829753919819041e+02 1.014242999143529005e+02
6.839116472814292820e+02 1.014260998783362595e+02
6.918309709189362593e+02 1.014278998726683199e+02
6.998419960022730493e+02 1.014296998973496073e+02
7.079457843841387330e+02 1.014314999523806193e+02
7.161434102129027224e+02 1.014328999404448410e+02
7.244359600749905894e+02 1.014342999362827413e+02
7.328245331389044850e+02 1.014356999504787922e+02
7.413102413009177099e+02 1.014370999830334199e+02
7.498942093324558300e+02 1.014385000339442087e+02
7.585775750291835493e+02 1.014398999976289417e+02
7.673614893618185988e+02 1.014412999796701058e+02
7.762471166286927655e+02 1.014426999800680420e+02
7.852356346100725659e+02 1.014440999988228072e+02
7.943282347242821970e+02 1.014455000256651118e+02
8.035261221856177372e+02 1.014464999634359401e+02
8.128305161640995493e+02 1.014474999105710111e+02
8.222426499470711860e+02 1.014484998670703959e+02
8.317637711026708303e+02 1.014494998329341939e+02
8.413951416451947125e+02 1.014504998081623910e+02
8.511380382023776292e+02 1.014516997406398957e+02
8.609937521846015898e+02 1.014528997249675797e+02
8.709635899560814778e+02 1.014540997227802137e+02
8.810488730080146524e+02 1.014552997340780536e+02
8.912509381337458763e+02 1.014564997588613124e+02
9.015711376059570057e+02 1.014572998575851841e+02
9.120108393559096385e+02 1.014580998819219104e+02
9.225714271547628869e+02 1.014588999122521784e+02
9.332543007969904920e+02 1.014596999485760591e+02
9.440608762859245644e+02 1.014604999908935810e+02
9.549925860214368640e+02 1.014612999807295779e+02
9.660508789898141231e+02 1.014620999765577665e+02
9.772372209558111535e+02 1.014628999783788572e+02
9.885530946569390380e+02 1.014636999861929070e+02
1.000000000000000000e+03 1.014644999999999584e+02
1.011579454259900331e+03 1.014653000368915485e+02
1.023292992280753651e+03 1.014661000797764814e+02
1.035142166679345110e+03 1.014669001286548138e+02
1.047128548050898416e+03 1.014677001835265600e+02
1.059253725177289652e+03 1.014685002443470268e+02
1.071519305237604840e+03 1.014693001643508694e+02
1.083926914021203856e+03 1.014701000903461789e+02
1.096478196143187233e+03 1.014709000223328985e+02
1.109174815262400898e+03 1.014716999603109713e+02
1.122018454301965221e+03 1.014724999042806530e+02
1.135010815672314266e+03 1.014728999717353162e+02
1.148153621496884170e+03 1.014732999928339297e+02
1.161448613840341523e+03 1.014737000154307935e+02
1.174897554939530210e+03 1.014741000395258936e+02
1.188502227437016472e+03 1.014745000976616041e+02
1.202264434617413144e+03 1.014751000334052833e+02
1.216186000646370303e+03 1.014756999725189530e+02
1.230268770812381035e+03 1.014762999150024569e+02
1.244514611771386853e+03 1.014768998608558945e+02
1.258925411794166166e+03 1.014774998100793084e+02
1.273503081016662918e+03 1.014778999031602780e+02
1.288249551693132389e+03 1.014782999344520107e+02
1.303166778452299923e+03 1.014786999672420933e+02
1.318256738556410028e+03 1.014791000015304121e+02
1.333521432163324107e+03 1.014795000559668665e+02
1.348962882591656125e+03 1.014801000199158807e+02
1.364583136588923935e+03 1.014806999872348570e+02
1.380384264602886560e+03 1.014812999579240085e+02
1.396368361055936248e+03 1.014818999319831789e+02
1.412537544622755377e+03 1.014824999094125531e+02
1.428893958511100664e+03 1.014826999882263152e+02
1.445439770745927945e+03 1.014829000070269132e+02
1.462177174456721332e+03 1.014831000262019671e+02
1.479108388168207284e+03 1.014833000457515766e+02
1.496235656094435853e+03 1.014835001313331020e+02
1.513561248436207279e+03 1.014839001160674172e+02
1.531087461682031972e+03 1.014843001022995423e+02
1.548816618912479498e+03 1.014847000900294915e+02
1.566751070108150088e+03 1.014851000792571796e+02
1.584893192461110857e+03 1.014855000699769079e+02
1.603245390690041859e+03 1.014859000282290538e+02
1.621810097358933263e+03 1.014862999879787964e+02
1.640589773199538740e+03 1.014866999492261357e+02
1.659586907437563013e+03 1.014870999119710717e+02
1.678804018122559000e+03 1.014874998762136187e+02
1.698243652461746024e+03 1.014876999485768749e+02
1.717908387157585821e+03 1.014878999594299387e+02
1.737800828749376251e+03 1.014880999706575864e+02
1.757923613958696706e+03 1.014882999822597611e+02
1.778279410038922833e+03 1.014884999942364345e+02
1.798870915128791012e+03 1.014886999929610738e+02
1.819700858609982561e+03 1.014888999920598991e+02
1.840772001468958251e+03 1.014890999915330809e+02
1.862087136662865532e+03 1.014892999913807330e+02
1.883649089489802009e+03 1.014894999916028411e+02
1.905460717963244406e+03 1.014896999965643545e+02
1.927524913190936559e+03 1.014899000019005371e+02
1.949844599758049526e+03 1.014901000076111899e+02
1.972422736114853478e+03 1.014903000136963271e+02
1.995262314968882947e+03 1.014905000201546272e+02
2.018366363681559733e+03 1.014907000137964701e+02
2.041737944669531771e+03 1.014909000078127406e+02
2.065380155810526958e+03 1.014911000022034528e+02
2.089296130854040712e+03 1.014912999969685075e+02
2.113489039836643315e+03 1.014914999921081034e+02
2.137962089502232629e+03 1.014916999947043195e+02
2.162718523727024603e+03 1.014918999976753895e+02
2.187761623949551904e+03 1.014921000010208303e+02
2.213094709605641128e+03 1.014923000047407271e+02
2.238721138568337665e+03 1.014925000088350089e+02
2.264644307593061967e+03 1.014927000117485107e+02
2.290867652767769869e+03 1.014929000150363692e+02
2.317394649968479825e+03 1.014931000186987120e+02
2.344228815319927435e+03 1.014933000227355961e+02
2.371373705661655094e+03 1.014935000271446768e+02
2.398832919019494966e+03 1.014937000160313403e+02
2.426610095082414318e+03 1.014939000052924172e+02
2.454708915685033389e+03 1.014940999949278932e+02
2.483133105295567930e+03 1.014942999849377827e+02
2.511886431509582053e+03 1.014944999753220856e+02
2.540972705549301281e+03 1.014945000000000022e+02
2.570395782768864592e+03 1.014945000000000022e+02
2.600159563165277632e+03 1.014945000000000022e+02
2.630267991895381329e+03 1.014945000000000022e+02
2.660725059798814073e+03 1.014945000330305476e+02
2.691534803926913810e+03 1.014947000046372096e+02
2.722701308077915655e+03 1.014948999766181998e+02
2.754228703338163086e+03 1.014950999489735324e+02
2.786121168629772001e+03 1.014952999217031930e+02
2.818382931264449326e+03 1.014954998948071108e+02
2.851018267503909556e+03 1.014955000000000354e+02
2.884031503126611824e+03 1.014955000000000354e+02
2.917427014001165844e+03 1.014955000000000354e+02
2.951209226666389895e+03 1.014955000000000354e+02
2.985382618917957188e+03 1.014955000152389033e+02
3.019951720402018964e+03 1.014957000088715660e+02
3.054921113215509195e+03 1.014959000028787415e+02
3.090295432513592004e+03 1.014960999972602451e+02
3.126079367123962129e+03 1.014962999920161622e+02
3.162277660168379498e+03 1.014964999871465920e+02
3.198895109691403832e+03 1.014964999999999975e+02
3.235936569296281050e+03 1.014964999999999975e+02
3.273406948788386217e+03 1.014964999999999975e+02
3.311311214825907882e+03 1.014964999999999975e+02
3.349654391578279501e+03 1.014964999999999975e+02
3.388441561392020503e+03 1.014964999999999975e+02
3.427677865464504521e+03 1.014964999999999975e+02
3.467368504525323715e+03 1.014964999999999975e+02
3.507518739525679393e+03 1.014964999999999975e+02
3.548133892335760265e+03 1.014964999999999975e+02
3.589219346450049670e+03 1.014966999790649140e+02
3.630780547701017440e+03 1.014968999884089556e+02
3.672823004980842597e+03 1.014970999981274673e+02
3.715352290971727598e+03 1.014973000082203498e+02
3.758374042884450773e+03 1.014974999999999596e+02
3.801893963205612636e+03 1.014974999999999596e+02
3.845917820453543300e+03 1.014974999999999596e+02
3.890451449942804629e+03 1.014974999999999596e+02
3.935500754557780510e+03 1.014974999999999596e+02
3.981071705534969169e+03 1.014974999999999596e+02
4.027170343254595082e+03 1.014974999999999596e+02
4.073802778041122110e+03 1.014974999999999596e+02
4.120975190973304052e+03 1.014974999999999596e+02
4.168693834703363791e+03 1.014974999999999596e+02
4.216965034285822185e+03 1.014974999999999596e+02
4.265795188015934400e+03 1.014974999999999596e+02
4.315190768277650022e+03 1.014974999999999596e+02
4.365158322401665828e+03 1.014974999999999596e+02
4.415704473533121018e+03 1.014974999999999596e+02
4.466835921509635227e+03 1.014974999999999596e+02
4.518559443749217280e+03 1.014976999884632534e+02
4.570881896148751366e+03 1.014978999931627470e+02
4.623810213992613171e+03 1.014980999982367820e+02
4.677351412871980756e+03 1.014983000036851877e+02
4.731512589614812896e+03 1.014984999999999786e+02
4.786300923226380291e+03 1.014984999999999786e+02
4.841723675840999022e+03 1.014984999999999786e+02
4.897788193684456019e+03 1.014984999999999786e+02
4.954501908047905090e+03 1.014984999999999786e+02
5.011872336272735083e+03 1.014984999999999786e+02
5.069907082747044115e+03 1.014984999999999786e+02
5.128613839913658921e+03 1.014984999999999786e+02
5.188000389289609302e+03 1.014984999999999786e+02
5.248074602497733395e+03 1.014984999999999786e+02
5.308844442309879014e+03 1.014984999999999786e+02
5.370317963702532325e+03 1.014984999999999786e+02
5.432503314924325423e+03 1.014984999999999786e+02
5.495408738576248652e+03 1.014984999999999786e+02
5.559042572704048325e+03 1.014984999999999786e+02
5.623413251903491073e+03 1.014984999999999786e+02
5.688529308438424778e+03 1.014984999999999786e+02
5.754399373371566071e+03 1.014984999999999786e+02
5.821032177708721974e+03 1.014984999999999786e+02
5.888436553555883620e+03 1.014984999999999786e+02
5.956621435290109730e+03 1.014984999999999786e+02
6.025595860743568664e+03 1.014984999999999786e+02
6.095368972401694009e+03 1.014984999999999786e+02
6.165950018614834335e+03 1.014984999999999786e+02
6.237348354824191119e+03 1.014984999999999786e+02
6.309573444801942969e+03 1.014984999999999786e+02
6.382634861905482467e+03 1.014984999999999786e+02
6.456542290346562368e+03 1.014984999999999786e+02
6.531305526474716316e+03 1.014984999999999786e+02
6.606934480075964530e+03 1.014984999999999786e+02
6.683439175686162343e+03 1.014984999999999786e+02
6.760829753919818359e+03 1.014986999548892612e+02
6.839116472814306690e+03 1.014988999642824439e+02
6.918309709189362366e+03 1.014990999740502104e+02
6.998419960022745727e+03 1.014992999841923336e+02
7.079457843841373688e+03 1.014994999947089127e+02
7.161434102129027451e+03 1.015000000000000000e+02
7.244359600749890888e+03 1.015000000000000000e+02
7.328245331389044622e+03 1.015000000000000000e+02
7.413102413009191878e+03 1.015000000000000000e+02
7.498942093324558300e+03 1.015000000000000000e+02
7.585775750291851182e+03 1.015000000000000000e+02
7.673614893618185306e+03 1.015000000000000000e+02
7.762471166286927655e+03 1.015000000000000000e+02
7.852356346100709743e+03 1.015000000000000000e+02
7.943282347242821743e+03 1.015000000000000000e+02
8.035261221856160773e+03 1.015000000000000000e+02
8.128305161640994811e+03 1.015000000000000000e+02
8.222426499470728231e+03 1.015000000000000000e+02
8.317637711026709439e+03 1.015000000000000000e+02
8.413951416451964178e+03 1.015000000000000000e+02
8.511380382023759012e+03 1.015000000000000000e+02
8.609937521846015443e+03 1.015000000000000000e+02
8.709635899560797043e+03 1.015000000000000000e+02
8.810488730080147434e+03 1.015000000000000000e+02
8.912509381337476952e+03 1.015000000000000000e+02
9.015711376059571194e+03 1.015000000000000000e+02
9.120108393559115939e+03 1.015000000000000000e+02
9.225714271547629323e+03 1.015000000000000000e+02
9.332543007969923565e+03 1.015000000000000000e+02
9.440608762859226772e+03 1.015000000000000000e+02
9.549925860214369095e+03 1.015000000000000000e+02
9.660508789898121904e+03 1.015000000000000000e+02
9.772372209558112445e+03 1.015000000000000000e+02
9.885530946569411753e+03 1.015000000000000000e+02
1.000000000000000000e+04 1.015000000000000000e+02
