1.000000000000000082e-05 9.999999999999999821e-201
1.011579454259898326e-05 8.198662399695645898e-12
1.023292992280753645e-05 1.388212895723498626e-11
1.035142166679343115e-05 2.335061934482650159e-11
1.047128548050898535e-05 3.902072248722048442e-11
1.059253725177289675e-05 6.478730426560729190e-11
1.071519305237607005e-05 1.068814087058381106e-10
1.083926914021203860e-05 1.752163893753757702e-10
1.096478196143185184e-05 2.854516168115877760e-10
1.109174815262400939e-05 4.621775529526341678e-10
1.122018454301963009e-05 7.437660421501786052e-10
1.135010815672314370e-05 1.189705417396279747e-09
1.148153621496881719e-05 1.891722250085592154e-09
1.161448613840343739e-05 2.990253726483515793e-09
1.174897554939530245e-05 4.699285473268873951e-09
1.188502227437018965e-05 7.342614068649263561e-09
1.202264434617413179e-05 1.140765664164116542e-08
1.216186000646367976e-05 1.762374121551000019e-08
1.230268770812381065e-05 2.707567241789663011e-08
1.244514611771384376e-05 4.136905254687429699e-08
1.258925411794166114e-05 6.286415981099452169e-08
1.273503081016662895e-05 9.501673284321472491e-08
1.288249551693134845e-05 1.428518352188197367e-07
1.303166778452300062e-05 2.136439361000493446e-07
1.318256738556407435e-05 3.178631736490435332e-07
1.333521432163324055e-05 4.704975967981386577e-07
1.348962882591653310e-05 6.929059464056853053e-07
1.364583136588923809e-05 1.015327685836743396e-06
1.380384264602883871e-05 1.480431650089366084e-06
1.396368361055936306e-05 2.148018280278288275e-06
1.412537544622755495e-05 3.101586171885305286e-06
1.428893958511103715e-05 4.457065535506648611e-06
1.445439770745928020e-05 6.374633607653372802e-06
1.462177174456718376e-05 9.074679235996696759e-06
1.479108388168207160e-05 1.285855621439628076e-05
1.496235656094432745e-05 1.813718962016000686e-05
1.513561248436207138e-05 2.546714124309191099e-05
1.531087461682028667e-05 3.560001474450521597e-05
1.548816618912482752e-05 4.954506331099533601e-05
1.566751070108150245e-05 6.865176060646950801e-05
1.584893192461114123e-05 9.471741893759271392e-05
1.603245390690041688e-05 1.301216456599896081e-04
1.621810097358929842e-05 1.780081480773852134e-04
1.640589773199538679e-05 2.425017365270178973e-04
1.659586907437559817e-05 3.290034396954112325e-04
1.678804018122558774e-05 4.445440289866845309e-04
1.698243652461745923e-05 5.982433013928285933e-04
1.717908387157589264e-05 8.018861621218900497e-04
1.737800828749376387e-05 1.070615725118349935e-03
1.757923613958693124e-05 1.423859227284209657e-03
1.778279410038922901e-05 1.886364471221939473e-03
1.798870915128787440e-05 2.489624941342910916e-03
1.819700858609982710e-05 3.273467840259882463e-03
1.840772001468954488e-05 4.288122179507292825e-03
1.862087136662865725e-05 5.596696929568287758e-03
1.883649089489802114e-05 7.278062239661922325e-03
1.905460717963248412e-05 9.430684309553414094e-03
1.927524913190936795e-05 1.217658265220273976e-02
1.949844599758045584e-05 1.566699731031231946e-02
1.972422736114853360e-05 2.008808158705824298e-02
1.995262314968878622e-05 2.566857316557431129e-02
2.018366363681559553e-05 3.268842579823564437e-02
2.041737944669527402e-05 4.148858365270568366e-02
2.065380155810531105e-05 5.248406842996942295e-02
2.089296130854040908e-05 6.617604575710453463e-02
2.113489039836647556e-05 8.317076501700000624e-02
2.137962089502232305e-05 1.041956748502918112e-01
2.162718523727020259e-05 1.301233329336399236e-01
2.187761623949551905e-05 1.619957482402469562e-01
2.213094709605636570e-05 2.010517439323832589e-01
2.238721138568337924e-05 2.487641766487002082e-01
2.264644307593062007e-05 3.068687886334912074e-01
2.290867652767774899e-05 3.774187075236476452e-01
2.317394649968479773e-05 4.628188226847069764e-01
2.344228815319922862e-05 5.658900318943643759e-01
2.371373705661655382e-05 6.899238995472395386e-01
2.398832919019490032e-05 8.387466759359978319e-01
2.426610095082414433e-05 1.016808161290032597e+00
2.454708915685028560e-05 1.229232916003675902e+00
2.483133105295567863e-05 1.481958060903823649e+00
2.511886431509582188e-05 1.781779714506917633e+00
2.540972705549306423e-05 2.136506524417459474e+00
2.570395782768864488e-05 2.555051288907479012e+00
2.600159563165272119e-05 3.047558756365533750e+00
2.630267991895381412e-05 3.625583093963298698e+00
2.660725059798808471e-05 4.302145874395661096e+00
2.691534803926913955e-05 5.092039520840599742e+00
2.722701308077910045e-05 6.011828601834571906e+00
2.754228703338169041e-05 7.080184549451897347e+00
2.786121168629772233e-05 8.317970132975299080e+00
2.818382931264454874e-05 9.748466968668191512e+00
2.851018267503909666e-05 1.139766899948852341e+01
2.884031503126605625e-05 1.329426986065426242e+01
2.917427014001166028e-05 1.547027174308038688e+01
2.951209226666384047e-05 1.796074526339355870e+01
2.985382618917957053e-05 2.080453145418628935e+01
3.019951720402019201e-05 2.404412819289334990e+01
3.054921113215515677e-05 2.772608549913435283e+01
3.090295432513592063e-05 3.190138572938435857e+01
3.126079367123955807e-05 3.662518066455856314e+01
3.162277660168379530e-05 4.195792926616682195e+01
3.198895109691397344e-05 4.796445710597438250e+01
3.235936569296280900e-05 5.471541786696784015e+01
3.273406948788379215e-05 6.228647924681685311e+01
3.311311214825907629e-05 7.075907784866603834e+01
3.349654391578279437e-05 8.022071595625763507e+01
3.388441561392027603e-05 9.076416804517950254e+01
3.427677865464504953e-05 1.024894894808005859e+02
3.467368504525316757e-05 1.155015189521855632e+02
3.507518739525679514e-05 1.299129084815598958e+02
3.548133892335753357e-05 1.458415589883799726e+02
3.589219346450049739e-05 1.634122637655709980e+02
3.630780547701017389e-05 1.827564806498548933e+02
3.672823004980849907e-05 2.040107333575700466e+02
3.715352290971727777e-05 2.273199727011986226e+02
3.758374042884443292e-05 2.528321813032479781e+02
3.801893963205612366e-05 2.807045033207558049e+02
3.845917820453535562e-05 3.110970487760654350e+02
3.890451449942804570e-05 3.441766450543103701e+02
3.935500754557772038e-05 3.801151882723951871e+02
3.981071705534969458e-05 4.190872216178854615e+02
4.027170343254595077e-05 4.612752276085064409e+02
4.073802778041130123e-05 5.068595355315023312e+02
4.120975190973304229e-05 5.560301251237092401e+02
4.168693834703355189e-05 6.089738115356910839e+02
4.216965034285822237e-05 6.658824415074144554e+02
4.265795188015925705e-05 7.269482415064242105e+02
4.315190768277650291e-05 7.923611800756337971e+02
4.365158322401656619e-05 8.623167018525971343e+02
4.415704473533120706e-05 9.369988555958479992e+02
4.466835921509634821e-05 1.016601568913039159e+03
4.518559443749225985e-05 1.101304944245731122e+03
4.570881896148751641e-05 1.191291691167127738e+03
4.623810213992603376e-05 1.286736969873926228e+03
4.677351412871980936e-05 1.387807141496273744e+03
4.731512589614802946e-05 1.494669780625992644e+03
4.786300923226380360e-05 1.607469476849048988e+03
4.841723675840999030e-05 1.726360468304066671e+03
4.897788193684466258e-05 1.851469546032484914e+03
4.954501908047905277e-05 1.982924509953696315e+03
5.011872336272725140e-05 2.120835254042315228e+03
5.069907082747044530e-05 2.265296716090074369e+03
5.128613839913648091e-05 2.416400087707421790e+03
5.188000389289609457e-05 2.574201988411844013e+03
5.248074602497723268e-05 2.738769276371694559e+03
5.308844442309878999e-05 2.910126831552955991e+03
5.370317963702532456e-05 3.088302096782339049e+03
5.432503314924335916e-05 3.273293362988300487e+03
5.495408738576248114e-05 3.465080838842646699e+03
5.559042572704037339e-05 3.663636874025989982e+03
5.623413251903490700e-05 3.868890241463384882e+03
5.688529308438412916e-05 4.080783183917631504e+03
5.754399373371566406e-05 4.299202684928969575e+03
5.821032177708709908e-05 4.524045149955969464e+03
5.888436553555884004e-05 4.755167386570176859e+03
5.956621435290109591e-05 4.992410357232263777e+03
6.025595860743580595e-05 5.235605061639504129e+03
6.095368972401693823e-05 5.484535049887919740e+03
6.165950018614822423e-05 5.739003825182898254e+03
6.237348354824191440e-05 5.998749759354715934e+03
6.309573444801929300e-05 6.263533698537547025e+03
6.382634861905482951e-05 6.533068472983864012e+03
6.456542290346562666e-05 6.807059771063002700e+03
6.531305526474728992e-05 7.085203558093832726e+03
6.606934480075964729e-05 7.367150953670034141e+03
6.683439175686149280e-05 7.652582199736831171e+03
6.760829753919818874e-05 7.941107153381834905e+03
6.839116472814292665e-05 8.232376572015984493e+03
6.918309709189362545e-05 8.525987228675203369e+03
6.998419960022730989e-05 8.821543322337778591e+03
7.079457843841373125e-05 9.118641289575311021e+03
7.161434102129027670e-05 9.416841526387599515e+03
7.244359600749906167e-05 9.715743747220372825e+03
7.328245331389044727e-05 1.001487667698477526e+04
7.413102413009176311e-05 1.031383132122579627e+04
7.498942093324558562e-05 1.061214085028248155e+04
7.585775750291835827e-05 1.090936413071931929e+04
7.673614893618186056e-05 1.120505466885906390e+04
7.762471166286911170e-05 1.149874320901709871e+04
7.852356346100710760e-05 1.179000881344805748e+04
7.943282347242822084e-05 1.207836266860645810e+04
8.035261221856176798e-05 1.236339921357017556e+04
8.128305161640994537e-05 1.264465259584994601e+04
8.222426499470711716e-05 1.292170155831733427e+04
8.317637711026709040e-05 1.319412094099510796e+04
8.413951416451947497e-05 1.346147799974775808e+04
8.511380382023759500e-05 1.372339367980742645e+04
8.609937521846016068e-05 1.397942794113516175e+04
8.709635899560813719e-05 1.422923896869441342e+04
8.810488730080147271e-05 1.447242439174637366e+04
8.912509381337458780e-05 1.470864246490094411e+04
9.015711376059570837e-05 1.493754709106491464e+04
9.120108393559096371e-05 1.515879900228492261e+04
9.225714271547628552e-05 1.537211195104019862e+04
9.332543007969904577e-05 1.557715244463682757e+04
9.440608762859226599e-05 1.577368491913933758e+04
9.549925860214368827e-05 1.596141933123715717e+04
9.660508789898140220e-05 1.614013586464665968e+04
9.772372209558110971e-05 1.630960776366075152e+04
9.885530946569390319e-05 1.646962662483473468e+04
1.000000000000000048e-04 1.662003178367825603e+04
1.011579454259898224e-04 1.676062825176781917e+04
1.023292992280753577e-04 1.689131209858244983e+04
1.035142166679344064e-04 1.701193081419170267e+04
1.047128548050899619e-04 1.712240562123032578e+04
1.059253725177288624e-04 1.722264657830809301e+04
1.071519305237606971e-04 1.731258948661800605e+04
1.083926914021203860e-04 1.739220895017935618e+04
1.096478196143185150e-04 1.746145606569083611e+04
1.109174815262400872e-04 1.752036077672640386e+04
1.122018454301963009e-04 1.756890986888888074e+04
1.135010815672314268e-04 1.760716131298962136e+04
1.148153621496882939e-04 1.763515705873555271e+04
1.161448613840342553e-04 1.765296774174862730e+04
1.174897554939530279e-04 1.766069178208287485e+04
1.188502227437018897e-04 1.765841222247678888e+04
1.202264434617413111e-04 1.764627534438269504e+04
1.216186000646367874e-04 1.762438928165884136e+04
1.230268770812381065e-04 1.759292570321567473e+04
1.244514611771384478e-04 1.755203593286727846e+04
1.258925411794167436e-04 1.750189891796878510e+04
1.273503081016661743e-04 1.744271004105185784e+04
1.288249551693135015e-04 1.737465474721563442e+04
1.303166778452300096e-04 1.729796487499716022e+04
1.318256738556407401e-04 1.721283895924069293e+04
1.333521432163323954e-04 1.711952781103291636e+04
1.348962882591653344e-04 1.701825911042408916e+04
1.364583136588923978e-04 1.690928401250129536e+04
1.380384264602885192e-04 1.679285997169088660e+04
1.396368361055937797e-04 1.666923762906062984e+04
1.412537544622755427e-04 1.653869788833165876e+04
1.428893958511103749e-04 1.640149326983741048e+04
1.445439770745927987e-04 1.625791537278710712e+04
1.462177174456718274e-04 1.610823204449433069e+04
1.479108388168207295e-04 1.595272848798370615e+04
1.496235656094432745e-04 1.579168836630065562e+04
1.513561248436207172e-04 1.562538989013660830e+04
1.531087461682030428e-04 1.545412757909035099e+04
1.548816618912481058e-04 1.527817269161063996e+04
1.566751070108150041e-04 1.509782198071596395e+04
1.584893192461114190e-04 1.491335015810161531e+04
1.603245390690041892e-04 1.472504228544429679e+04
1.621810097358929842e-04 1.453317686444954052e+04
1.640589773199538815e-04 1.433802711915777036e+04
1.659586907437559614e-04 1.413987142838880027e+04
1.678804018122560739e-04 1.393897113430466925e+04
1.698243652461744297e-04 1.373559894932172028e+04
1.717908387157589332e-04 1.353001026172646016e+04
1.737800828749376319e-04 1.332246359158345695e+04
1.757923613958693124e-04 1.311320869569906426e+04
1.778279410038922698e-04 1.290248954607755513e+04
1.798870915128787304e-04 1.269054762271548680e+04
1.819700858609982642e-04 1.247761277594282001e+04
1.840772001468956318e-04 1.226391504597032144e+04
1.862087136662867555e-04 1.204967255884725819e+04
1.883649089489802114e-04 1.183510023981622908e+04
1.905460717963248141e-04 1.162040446012426946e+04
1.927524913190936727e-04 1.140578500615912162e+04
1.949844599758045584e-04 1.119143490296850541e+04
1.972422736114853360e-04 1.097753960245356029e+04
1.995262314968878758e-04 1.076427740786045615e+04
2.018366363681559756e-04 1.055181981045936482e+04
2.041737944669529570e-04 1.034033012999664788e+04
2.065380155810529208e-04 1.012996511234090212e+04
2.089296130854040908e-04 9.920874092990759891e+03
2.113489039836647623e-04 9.713198126427228999e+03
2.137962089502232373e-04 9.507073600361809440e+03
2.162718523727020191e-04 9.302625706117783920e+03
2.187761623949551837e-04 9.099977356876746853e+03
2.213094709605636435e-04 8.899239750857135732e+03
2.238721138568339957e-04 8.700520545348346786e+03
2.264644307593059432e-04 8.503919298426446403e+03
2.290867652767774763e-04 8.309527751410285418e+03
2.317394649968479773e-04 8.117434935437346212e+03
2.344228815319922591e-04 7.927717197092673814e+03
2.371373705661655382e-04 7.740452373469639497e+03
2.398832919019489897e-04 7.555704373522424248e+03
2.426610095082414433e-04 7.373536985900720538e+03
2.454708915685031270e-04 7.194005429493854535e+03
2.483133105295570438e-04 7.017158797095600676e+03
2.511886431509582256e-04 6.843044674350242531e+03
2.540972705549306219e-04 6.671698270313279863e+03
2.570395782768864759e-04 6.503159182617934675e+03
2.600159563165272119e-04 6.337452004025424685e+03
2.630267991895381412e-04 6.174604485881276560e+03
2.660725059798808335e-04 6.014635583649581349e+03
2.691534803926913955e-04 5.857560393527842280e+03
2.722701308077912687e-04 5.703393140284401852e+03
2.754228703338166195e-04 5.552137085308685528e+03
2.786121168629772165e-04 5.403801895429739488e+03
2.818382931264455009e-04 5.258382056628548526e+03
2.851018267503909734e-04 5.115877992606408043e+03
2.884031503126605490e-04 4.976281340808924142e+03
2.917427014001165893e-04 4.839582229945021936e+03
2.951209226666384115e-04 4.705770154757996352e+03
2.985382618917960034e-04 4.574825646455018614e+03
3.019951720402015813e-04 4.446736683718437234e+03
3.054921113215515677e-04 4.321476795456344007e+03
3.090295432513592063e-04 4.199027375527241020e+03
3.126079367123955942e-04 4.079361289179718824e+03
3.162277660168379394e-04 3.962452002131098197e+03
3.198895109691397344e-04 3.848272330428891564e+03
3.235936569296281036e-04 3.736788465377654120e+03
3.273406948788383009e-04 3.627973595609976655e+03
3.311311214825911017e-04 3.521788844509202136e+03
3.349654391578279437e-04 3.418203585776743239e+03
3.388441561392027332e-04 3.317179292374684792e+03
3.427677865464504817e-04 3.218679729642298298e+03
3.467368504525316893e-04 3.122667860907776685e+03
3.507518739525679243e-04 3.029102193110941698e+03
3.548133892335753221e-04 2.937947416901185534e+03
3.589219346450050010e-04 2.849158548777032138e+03
3.630780547701014001e-04 2.762698728655095238e+03
3.672823004980846112e-04 2.678523908059565656e+03
3.715352290971728048e-04 2.596593545447489305e+03
3.758374042884443157e-04 2.516866094830044858e+03
3.801893963205612366e-04 2.439297394586217706e+03
3.845917820453535426e-04 2.363848486935624805e+03
3.890451449942804976e-04 2.290472931657672234e+03
3.935500754557772580e-04 2.219131927498016921e+03
3.981071705534973523e-04 2.149780230394402224e+03
4.027170343254590605e-04 2.082376859379580310e+03
4.073802778041130395e-04 2.016879634769049744e+03
4.120975190973304365e-04 1.953245216069683465e+03
4.168693834703355054e-04 1.891434460648308232e+03
4.216965034285822373e-04 1.831402631367023332e+03
4.265795188015925705e-04 1.773111924975563170e+03
4.315190768277650155e-04 1.716518837149967339e+03
4.365158322401661091e-04 1.661584489067625555e+03
4.415704473533125043e-04 1.608268651141057489e+03
4.466835921509634821e-04 1.556531008547250167e+03
4.518559443749226392e-04 1.506334502533949944e+03
4.570881896148752048e-04 1.457638030666229042e+03
4.623810213992603376e-04 1.410406609747609309e+03
4.677351412871981343e-04 1.364600267747664702e+03
4.731512589614802946e-04 1.320183711037759394e+03
4.786300923226380496e-04 1.277120200619322986e+03
4.841723675840993880e-04 1.235373652315080335e+03
4.897788193684460972e-04 1.194910410816237572e+03
4.954501908047905141e-04 1.155694002321042262e+03
5.011872336272725275e-04 1.117693231123698752e+03
5.069907082747044259e-04 1.080872578698287498e+03
5.128613839913648362e-04 1.045201034269269712e+03
5.188000389289610000e-04 1.010646106485922473e+03
5.248074602497722861e-04 9.771764234821130231e+02
5.308844442309884962e-04 9.447623506205773083e+02
5.370317963702527170e-04 9.133723703904789772e+02
5.432503314924336593e-04 8.829794327631788065e+02
5.495408738576247707e-04 8.535527747929330644e+02
5.559042572704037339e-04 8.250658240716825276e+02
5.623413251903490971e-04 7.974905455663196108e+02
5.688529308438413593e-04 7.708002757617866791e+02
5.754399373371566406e-04 7.449695334764603558e+02
5.821032177708715871e-04 7.199716962740234294e+02
5.888436553555889425e-04 6.957836676695606002e+02
5.956621435290109998e-04 6.723794820555543765e+02
6.025595860743581137e-04 6.497367672137874024e+02
6.095368972401693551e-04 6.278317979595416318e+02
6.165950018614822694e-04 6.066423177997929770e+02
6.237348354824191711e-04 5.861468233363145828e+02
6.309573444801929842e-04 5.663232196779490550e+02
6.382634861905482409e-04 5.471520661407752186e+02
6.456542290346555619e-04 5.286118558988287077e+02
6.531305526474723028e-04 5.106840288746825536e+02
6.606934480075964729e-04 4.933488160772621995e+02
6.683439175686149009e-04 4.765879078412559693e+02
6.760829753919818602e-04 4.603834272041636382e+02
6.839116472814292394e-04 4.447172807352355335e+02
6.918309709189362274e-04 4.295733400248814746e+02
6.998419960022730446e-04 4.149340142502408071e+02
7.079457843841380172e-04 4.007841040424042944e+02
7.161434102129019810e-04 3.871073416254100721e+02
7.244359600749905896e-04 3.738888411269268204e+02
7.328245331389044185e-04 3.611139187267435204e+02
7.413102413009177395e-04 3.487679184821014360e+02
7.498942093324558562e-04 3.368376150601590666e+02
7.585775750291835285e-04 3.253087673829117534e+02
7.673614893618185785e-04 3.141690584432063815e+02
7.762471166286919301e-04 3.034052366036681292e+02
7.852356346100718620e-04 2.930053155196239913e+02
7.943282347242821813e-04 2.829573514708870903e+02
8.035261221856176798e-04 2.732495781442288489e+02
8.128305161640994808e-04 2.638712525835513816e+02
8.222426499470712529e-04 2.548109415709089092e+02
8.317637711026708769e-04 2.460587488554352547e+02
8.413951416451946955e-04 2.376039681853803529e+02
8.511380382023759229e-04 2.294370234595248235e+02
8.609937521846007394e-04 2.215482764148561614e+02
8.709635899560805045e-04 2.139283489961030682e+02
8.810488730080146729e-04 2.065685811007095651e+02
8.912509381337459322e-04 1.994598560292878346e+02
9.015711376059570023e-04 1.925942775924430350e+02
9.120108393559096371e-04 1.859632535031994109e+02
9.225714271547629094e-04 1.795591819991540774e+02
9.332543007969905120e-04 1.733743349816320745e+02
9.440608762859235272e-04 1.674012819288344645e+02
9.549925860214359069e-04 1.616330847295959643e+02
9.660508789898140762e-04 1.560625138730974868e+02
9.772372209558110971e-04 1.506833043870146867e+02
9.885530946569390590e-04 1.454885975782407002e+02
1.000000000000000021e-03 1.404723901588352533e+02
1.011579454259898224e-03 1.356285175715073308e+02
1.023292992280754607e-03 1.309511204662972546e+02
1.035142166679344118e-03 1.264346678514967692e+02
1.047128548050899619e-03 1.220734538988412652e+02
1.059253725177288679e-03 1.178625252903303249e+02
1.071519305237607052e-03 1.137964358290426219e+02
1.083926914021203806e-03 1.098704626360409549e+02
1.096478196143185150e-03 1.060797086636518287e+02
1.109174815262400872e-03 1.024195712216758523e+02
1.122018454301963036e-03 9.888565851080743130e+01
1.135010815672315380e-03 9.547349308855805816e+01
1.148153621496882885e-03 9.217914331441019726e+01
1.161448613840342526e-03 8.899832890911444849e+01
1.174897554939529059e-03 8.592733681751762731e+01
1.188502227437019006e-03 8.296228962777351512e+01
1.202264434617413003e-03 8.009958178922332195e+01
1.216186000646367902e-03 7.733574006611021900e+01
1.230268770812381228e-03 7.466725767923334445e+01
1.244514611771385670e-03 7.209102431386618548e+01
1.258925411794167490e-03 6.960368472793257411e+01
1.273503081016661527e-03 6.720232746873729468e+01
1.288249551693133660e-03 6.488389033530476979e+01
1.303166778452299933e-03 6.264555726426908677e+01
1.318256738556407509e-03 6.048458330781573267e+01
1.333521432163324062e-03 5.839823273309514917e+01
1.348962882591653182e-03 5.638404908939153870e+01
1.364583136588925225e-03 5.443940753363521878e+01
1.380384264602885300e-03 5.256202982268434454e+01
1.396368361055937580e-03 5.074950235352660144e+01
1.412537544622753964e-03 4.899962912117716485e+01
1.428893958511103695e-03 4.731024674737999902e+01
1.445439770745927987e-03 4.567922270387884254e+01
1.462177174456718220e-03 4.410462104701556285e+01
1.479108388168207241e-03 4.258439145299722384e+01
1.496235656094434263e-03 4.111675393593746719e+01
1.513561248436208744e-03 3.969980894877995325e+01
1.531087461682030266e-03 3.833184640844666546e+01
1.548816618912481112e-03 3.701116368985685767e+01
1.566751070108148578e-03 3.573610054521286372e+01
1.584893192461114082e-03 3.450513327516540585e+01
1.603245390690041837e-03 3.331666211688560963e+01
1.621810097358929734e-03 3.216929796285917575e+01
1.640589773199538706e-03 3.106154746769913189e+01
1.659586907437561295e-03 2.999208031098633498e+01
1.678804018122560630e-03 2.895955786114596009e+01
1.698243652461744243e-03 2.796268872304780118e+01
1.717908387157587652e-03 2.700027480910375033e+01
1.737800828749376265e-03 2.607106889054389498e+01
1.757923613958693124e-03 2.517398778221320299e+01
1.778279410038922752e-03 2.430785837519522374e+01
1.798870915128787358e-03 2.347164652063733925e+01
1.819700858609984376e-03 2.266430051171559867e+01
1.840772001468956318e-03 2.188481648041970828e+01
1.862087136662867555e-03 2.113225298970567323e+01
1.883649089489800163e-03 2.040563816472163694e+01
1.905460717963248195e-03 1.970412782631039406e+01
1.927524913190936618e-03 1.902680089112165973e+01
1.949844599758045584e-03 1.837285382383811694e+01
1.972422736114853251e-03 1.774146072033916255e+01
1.995262314968880655e-03 1.713184152664625870e+01
2.018366363681561599e-03 1.654325678651193954e+01
2.041737944669529733e-03 1.597495051769653074e+01
2.065380155810529316e-03 1.542626172959371367e+01
2.089296130854038577e-03 1.489647072318203591e+01
2.113489039836647515e-03 1.438495222344179858e+01
2.137962089502232644e-03 1.389105781500961534e+01
2.162718523727020191e-03 1.341418148423259993e+01
2.187761623949552054e-03 1.295374255111077311e+01
2.213094709605638657e-03 1.250915362456669122e+01
2.238721138568339902e-03 1.207989551445981746e+01
2.264644307593059649e-03 1.166540764717239753e+01
2.290867652767772378e-03 1.126520293900400738e+01
2.317394649968479610e-03 1.087877237061947611e+01
2.344228815319922537e-03 1.050564516859537356e+01
2.371373705661655382e-03 1.014536537386093684e+01
2.398832919019489897e-03 9.797476597833675527e+00
2.426610095082416818e-03 9.461571048710855081e+00
2.454708915685031162e-03 9.137212081918782758e+00
2.483133105295570221e-03 8.824020255186043826e+00
2.511886431509579437e-03 8.521595968507032381e+00
2.540972705549306328e-03 8.229573491518321404e+00
2.570395782768864542e-03 7.947594782719964002e+00
2.600159563165272119e-03 7.675305209774582416e+00
2.630267991895381303e-03 7.412384527131310463e+00
2.660725059798811371e-03 7.158492451192979722e+00
2.691534803926916557e-03 6.913333420060865819e+00
2.722701308077912687e-03 6.676593695933666694e+00
2.754228703338165978e-03 6.447989117153968941e+00
2.786121168629769346e-03 6.227238496422078384e+00
2.818382931264454792e-03 6.014066226997034192e+00
2.851018267503909950e-03 5.808220678570668483e+00
2.884031503126605490e-03 5.609436808039069078e+00
2.917427014001165893e-03 5.417484253358670010e+00
2.951209226666386826e-03 5.232116644807283556e+00
2.985382618917960251e-03 5.053113155896521214e+00
3.019951720402016138e-03 4.880252915011021209e+00
3.054921113215512424e-03 4.713321686334826843e+00
3.090295432513592063e-03 4.552121755384162860e+00
3.126079367123955725e-03 4.396446556063557942e+00
3.162277660168379394e-03 4.246116538509308924e+00
3.198895109691397235e-03 4.100938191006370026e+00
3.235936569296284180e-03 3.960739866639527484e+00
3.273406948788382901e-03 3.825348031330485288e+00
3.311311214825910908e-03 3.694596113669969650e+00
3.349654391578275967e-03 3.568328726405356033e+00
3.388441561392027332e-03 3.446384834272119502e+00
3.427677865464504817e-03 3.328624454464116145e+00
3.467368504525316676e-03 3.214895553297872244e+00
3.507518739525679677e-03 3.105064676850773253e+00
3.548133892335756691e-03 2.998995447770189227e+00
3.589219346450053371e-03 2.896558319949034122e+00
3.630780547701014001e-03 2.797631140304223774e+00
3.672823004980846004e-03 2.702088355617384696e+00
3.715352290971724036e-03 2.609820728175912929e+00
3.758374042884443048e-03 2.520708850261107692e+00
3.801893963205612691e-03 2.434648910925977905e+00
3.845917820453535318e-03 2.351533704218685017e+00
3.890451449942804868e-03 2.271262451528478721e+00
3.935500754557776266e-03 2.193739099766268907e+00
3.981071705534973415e-03 2.118865948309472724e+00
4.027170343254590605e-03 2.046557072690510903e+00
4.073802778041125949e-03 1.976719316428737772e+00
4.120975190973303823e-03 1.909271686982520810e+00
4.168693834703355271e-03 1.844129886387099848e+00
4.216965034285822915e-03 1.781215493473029099e+00
4.265795188015925922e-03 1.720452957661488869e+00
4.315190768277654167e-03 1.661766230685362222e+00
4.365158322401660983e-03 1.605087707609928138e+00
4.415704473533125368e-03 1.550344690075602827e+00
4.466835921509630485e-03 1.497473969670973570e+00
4.518559443749225850e-03 1.446409242971783415e+00
4.570881896148752156e-03 1.397089469606049406e+00
4.623810213992603051e-03 1.349455209072854656e+00
4.677351412871981126e-03 1.303447250566117432e+00
4.731512589614807716e-03 1.259012388712829722e+00
4.786300923226385375e-03 1.216093873803757663e+00
4.841723675840994313e-03 1.174642362387479988e+00
4.897788193684460972e-03 1.134605690294574476e+00
4.954501908047900804e-03 1.095936333223951564e+00
5.011872336272724625e-03 1.058587513157088322e+00
5.069907082747044692e-03 1.022513116660024535e+00
5.128613839913647929e-03 9.876712601127317637e-01
5.188000389289609132e-03 9.540176311356153294e-01
5.248074602497728065e-03 9.215136992770690538e-01
5.308844442309884962e-03 8.901184137894962989e-01
5.370317963702526953e-03 8.597947642996408568e-01
5.432503314924330522e-03 8.305059285386480195e-01
5.495408738576248141e-03 8.022159843258247491e-01
5.559042572704037122e-03 7.748919525274965414e-01
5.623413251903490971e-03 7.484992230706695171e-01
5.688529308438413160e-03 7.230077010825446404e-01
5.754399373371572694e-03 6.983850736501616696e-01
5.821032177708716088e-03 6.746025115099895109e-01
5.888436553555889859e-03 6.516310223795361845e-01
5.956621435290103059e-03 6.294426164650558375e-01
6.025595860743580487e-03 6.080113200565652187e-01
6.095368972401693335e-03 5.873100942550094627e-01
6.165950018614822260e-03 5.673154271537775850e-01
6.237348354824191060e-03 5.480018779751530955e-01
6.309573444801936347e-03 5.293469852209943260e-01
6.382634861905489565e-03 5.113279165532259585e-01
6.456542290346555836e-03 4.939228581981203181e-01
6.531305526474722595e-03 4.771113493979578513e-01
6.606934480075957357e-03 4.608722612600629764e-01
6.683439175686149009e-03 4.451872206675321908e-01
6.760829753919818386e-03 4.300361932144970978e-01
6.839116472814293045e-03 4.154016751428275533e-01
6.918309709189362708e-03 4.012656815919802278e-01
6.998419960022738036e-03 3.876112086721385519e-01
7.079457843841380389e-03 3.744221352731672003e-01
7.161434102129020027e-03 3.616819694523539241e-01
7.244359600749898306e-03 3.493762838643730273e-01
7.328245331389044402e-03 3.374893653511176206e-01
7.413102413009176744e-03 3.260075488357371265e-01
7.498942093324557912e-03 3.149166651310635334e-01
7.585775750291835935e-03 3.042034572613645516e-01
7.673614893618193808e-03 2.938552210618867178e-01
7.762471166286919952e-03 2.838590952676606216e-01
7.852356346100718837e-03 2.742037073314734230e-01
7.943282347242813790e-03 3.827257342843368715e-01
8.035261221856177666e-03 4.974157079974996787e-01
8.128305161640994592e-03 6.464743924923332941e-01
8.222426499470712746e-03 8.402009293812494617e-01
8.317637711026708985e-03 1.091980765102730455e+00
8.413951416451955628e-03 1.419210512219416520e+00
8.511380382023767469e-03 1.844499960404129890e+00
8.609937521846007177e-03 2.397234289513805905e+00
8.709635899560804612e-03 3.115604425148185364e+00
8.810488730080136971e-03 4.049245823182130444e+00
8.912509381337458889e-03 5.262668008882014803e+00
9.015711376059569807e-03 5.634889636998307694e+00
9.120108393559096804e-03 6.033430965409967150e+00
9.225714271547629311e-03 6.460160102400738680e+00
9.332543007969915094e-03 6.917070699559214830e+00
9.440608762859235489e-03 7.406297414350381025e+00
9.549925860214358853e-03 7.930125883100908268e+00
9.660508789898131221e-03 8.491003399347400560e+00
9.772372209558111839e-03 9.091550347437543422e+00
9.885530946569390590e-03 9.734572444800113189e+00
1.000000000000000021e-02 1.042307385007995713e+01
1.011579454259898224e-02 1.093510006411981017e+01
1.023292992280754737e-02 1.147227920786502509e+01
1.035142166679344118e-02 1.203584690139783397e+01
1.047128548050899575e-02 1.262709946377310999e+01
1.059253725177288635e-02 1.324739689481268812e+01
1.071519305237607009e-02 1.389816600337880637e+01
1.083926914021203849e-02 1.458090368932098180e+01
1.096478196143185063e-02 1.529718038664727509e+01
1.109174815262400915e-02 1.604864367583813234e+01
1.122018454301964077e-02 1.683702207361301362e+01
1.135010815672315466e-02 1.767897074355559539e+01
1.148153621496882971e-02 1.856302359160633841e+01
1.161448613840342613e-02 1.949128429821871933e+01
1.174897554939530360e-02 2.046596351715964701e+01
1.188502227437019006e-02 2.148938244792759988e+01
1.202264434617413176e-02 2.256397836369193755e+01
1.216186000646367858e-02 2.369231041566090923e+01
1.230268770812381098e-02 2.487706572770317592e+01
1.244514611771385670e-02 2.612106579573541865e+01
1.258925411794167490e-02 2.742720829775308999e+01
1.273503081016661570e-02 2.861677450465387196e+01
1.288249551693133529e-02 2.985793428773037661e+01
1.303166778452300063e-02 3.115292535101918503e+01
1.318256738556407466e-02 3.250408245171144728e+01
1.333521432163324062e-02 3.391384160951972859e+01
1.348962882591653312e-02 3.538474449861088544e+01
1.364583136588925182e-02 3.691944303002555472e+01
1.380384264602885214e-02 3.852070413284491934e+01
1.396368361055937667e-02 4.019141474272532122e+01
1.412537544622754007e-02 4.193458700679408935e+01
1.428893958511103651e-02 4.375392067406701102e+01
1.445439770745927943e-02 4.565218629009801532e+01
1.462177174456718264e-02 4.763280823656719321e+01
1.479108388168207111e-02 4.969935954619795382e+01
1.496235656094434263e-02 5.185556826788249651e+01
1.513561248436208657e-02 5.410532419206445098e+01
1.531087461682030353e-02 5.645268586790349730e+01
1.548816618912481069e-02 5.890188792487821701e+01
1.566751070108150096e-02 6.145734871203885064e+01
1.584893192461114125e-02 6.412364306302539774e+01
1.603245390690041794e-02 6.669602861171664188e+01
1.621810097358929864e-02 6.937160803859435987e+01
1.640589773199538706e-02 7.215452107166315443e+01
1.659586907437561251e-02 7.504907350835286195e+01
1.678804018122560804e-02 7.805974387756143074e+01
1.698243652461744330e-02 8.119119036895654062e+01
1.717908387157587521e-02 8.444825804025009575e+01
1.737800828749376178e-02 8.783598631360155196e+01
1.757923613958693038e-02 9.135961677274532633e+01
1.778279410038922925e-02 9.502460127291163872e+01
1.798870915128787315e-02 9.739965250771096805e+01
1.819700858609984290e-02 9.983402379793434989e+01
1.840772001468956448e-02 1.023292388737982321e+02
1.862087136662867598e-02 1.048868184426272450e+02
1.883649089489800033e-02 1.075083212197481686e+02
1.905460717963248368e-02 1.101953448784490917e+02
1.927524913190936662e-02 1.129495270236790674e+02
1.949844599758045541e-02 1.157725461900868424e+02
1.972422736114853511e-02 1.186661228650023503e+02
1.995262314968880915e-02 1.216318281812601043e+02
2.018366363681561859e-02 1.227306819055454810e+02
2.041737944669529473e-02 1.238394629615616367e+02
2.065380155810529056e-02 1.249582610354179337e+02
2.089296130854041006e-02 1.260871666234717168e+02
2.113489039836647515e-02 1.272262710396473864e+02
2.137962089502232557e-02 1.283756664228238833e+02
2.162718523727020017e-02 1.295354457442866760e+02
2.187761623949551967e-02 1.307057028152480314e+02
2.213094709605638657e-02 1.318865322944354261e+02
2.238721138568339902e-02 1.330779797085778284e+02
2.264644307593059389e-02 1.331432795163789820e+02
2.290867652767772378e-02 1.332086113660319029e+02
2.317394649968479783e-02 1.332739752732591683e+02
2.344228815319922624e-02 1.333393712537910005e+02
2.371373705661655382e-02 1.334047993233654381e+02
2.398832919019489723e-02 1.334702594977282217e+02
2.426610095082416818e-02 1.335357517926327375e+02
2.454708915685031162e-02 1.336012762238401876e+02
2.483133105295570395e-02 1.336668328071193628e+02
2.511886431509579437e-02 1.337324215582471538e+02
2.540972705549306501e-02 1.332445961401904526e+02
2.570395782768864629e-02 1.327584822871742460e+02
2.600159563165272206e-02 1.322741419145464192e+02
2.630267991895381477e-02 1.317915685521502382e+02
2.660725059798811284e-02 1.313107557534343357e+02
2.691534803926916644e-02 1.308316970953661666e+02
2.722701308077912774e-02 1.303543861783458624e+02
2.754228703338166065e-02 1.298788166261214201e+02
2.786121168629772035e-02 1.294049820857031250e+02
2.818382931264454966e-02 1.289328378544459781e+02
2.851018267503909603e-02 1.280399301639688758e+02
2.884031503126605750e-02 1.271532061902001374e+02
2.917427014001166066e-02 1.262726231086098352e+02
2.951209226666387173e-02 1.253981383912432079e+02
2.985382618917960251e-02 1.245297098046681015e+02
3.019951720402016052e-02 1.236672954079339064e+02
3.054921113215512338e-02 1.228108535505467387e+02
3.090295432513592150e-02 1.219603428704580068e+02
3.126079367123955899e-02 1.211157222920665788e+02
3.162277660168379134e-02 1.202769510242351743e+02
3.198895109691397148e-02 1.191225510884897716e+02
3.235936569296284093e-02 1.179792104744480667e+02
3.273406948788382814e-02 1.168468436663547010e+02
3.311311214825911342e-02 1.157253453374021035e+02
3.349654391578275880e-02 1.146146111717111324e+02
3.388441561392027679e-02 1.135145378546288697e+02
3.427677865464504731e-02 1.124250230631185019e+02
3.467368504525316503e-02 1.113459654562414158e+02
3.507518739525679330e-02 1.102772646657317779e+02
3.548133892335756517e-02 1.092187972479923701e+02
3.589219346450053805e-02 1.079209412570513393e+02
3.630780547701013827e-02 1.066385077960746912e+02
3.672823004980846351e-02 1.053713135978645283e+02
3.715352290971727506e-02 1.041191775730024744e+02
3.758374042884442962e-02 1.028819207839706849e+02
3.801893963205612431e-02 1.016593664195803370e+02
3.845917820453535058e-02 1.004513397697049442e+02
3.890451449942804868e-02 9.925766820031250859e+01
3.935500754557776093e-02 9.807818112879577654e+01
3.981071705534973415e-02 9.691270802191432665e+01
4.027170343254590779e-02 9.570858497254076269e+01
4.073802778041125949e-02 9.451942293651252669e+01
4.120975190973304170e-02 9.334503602591649951e+01
4.168693834703354750e-02 9.218524066246439475e+01
4.216965034285822395e-02 9.103985554879473341e+01
4.265795188015925749e-02 8.979349113375428715e+01
4.315190768277654687e-02 8.856417822545476781e+01
4.365158322401661156e-02 8.735169515868879841e+01
4.415704473533125368e-02 8.615581152542581833e+01
4.466835921509629964e-02 8.497630007202390345e+01
4.518559443749226023e-02 8.378363712283803011e+01
4.570881896148751983e-02 8.260771119612000746e+01
4.623810213992603224e-02 8.144828970669554735e+01
4.677351412871981473e-02 8.030514101033944030e+01
4.731512589614807890e-02 7.917803619313835384e+01
4.786300923226385201e-02 7.805594880293195104e+01
4.841723675840994140e-02 7.694976329880134358e+01
4.897788193684461666e-02 7.585925432398489932e+01
4.954501908047905662e-02 7.478419971540903077e+01
5.011872336272724798e-02 7.372438079097891261e+01
5.069907082747044519e-02 7.268767834499678315e+01
5.128613839913648276e-02 7.166555387105023556e+01
5.188000389289609826e-02 7.065780237563350852e+01
5.248074602497728586e-02 6.966422174783245680e+01
5.308844442309884615e-02 6.868461565120254875e+01
5.370317963702526953e-02 6.775857217426522539e+01
5.432503314924330695e-02 6.684501412092758699e+01
5.495408738576248314e-02 6.594377315589368038e+01
5.559042572704037122e-02 6.505468321345652782e+01
5.623413251903491145e-02 6.417758353215363343e+01
5.688529308438412813e-02 6.337253814513464079e+01
5.754399373371572174e-02 6.257759126976863939e+01
5.821032177708716088e-02 6.179261623004549620e+01
5.888436553555889685e-02 6.101748793898251932e+01
5.956621435290103406e-02 6.025208489144912960e+01
6.025595860743580834e-02 5.959132006145420490e+01
6.095368972401693508e-02 5.893780162237418097e+01
6.165950018614822087e-02 5.829145010541939342e+01
6.237348354824191754e-02 5.765218691330820633e+01
6.309573444801935826e-02 5.701994179448769984e+01
6.382634861905489565e-02 5.655092113344701232e+01
6.456542290346556356e-02 5.608575842759807983e+01
6.531305526474723289e-02 5.562442194311882560e+01
6.606934480075964122e-02 5.516688020721520047e+01
6.683439175686148315e-02 5.471310200597469731e+01
6.760829753919818386e-02 5.452676482047351669e+01
6.839116472814292524e-02 5.434106506848119267e+01
6.918309709189363055e-02 5.415599774714933545e+01
6.998419960022737862e-02 5.397156070263266514e+01
7.079457843841380216e-02 5.378775178842113291e+01
7.161434102129020374e-02 5.397476830096168499e+01
7.244359600749898653e-02 5.416244491925186111e+01
7.328245331389043882e-02 5.435077411121976354e+01
7.413102413009177438e-02 5.453975814594076610e+01
7.498942093324557912e-02 5.472940823468669436e+01
7.585775750291835762e-02 5.529071422312571116e+01
7.673614893618194155e-02 5.585777697785947993e+01
7.762471166286918911e-02 5.643065554040699539e+01
7.852356346100718143e-02 5.700940955781828023e+01
7.943282347242813790e-02 5.759410407756310235e+01
8.035261221856176972e-02 5.837358017010724609e+01
8.128305161640994592e-02 5.916360565808986394e+01
8.222426499470712746e-02 5.996432331656890113e+01
8.317637711026708291e-02 6.077587785291345313e+01
8.413951416451956322e-02 6.159841614521992170e+01
8.511380382023767122e-02 6.244680105966290284e+01
8.609937521846007524e-02 6.330687064082442816e+01
8.709635899560805306e-02 6.417878581970904861e+01
8.810488730080145992e-02 6.506270974379737027e+01
8.912509381337459236e-02 6.595880780757363482e+01
9.015711376059570847e-02 6.692379925470790170e+01
9.120108393559096804e-02 6.790290907894166139e+01
9.225714271547638679e-02 6.889634349410705738e+01
9.332543007969915094e-02 6.990431207210313858e+01
9.440608762859235836e-02 7.092702745091180816e+01
9.549925860214358853e-02 7.217519992591547862e+01
9.660508789898131221e-02 7.344534015798956261e+01
9.772372209558111145e-02 7.473783233658807035e+01
9.885530946569390243e-02 7.605306981159530721e+01
1.000000000000000056e-01 7.739145285507277094e+01
1.011579454259898259e-01 7.875233759728537564e+01
1.023292992280753627e-01 8.013715272474419749e+01
1.035142166679343112e-01 8.154631903968198969e+01
1.047128548050900582e-01 8.298026474389999407e+01
1.059253725177289746e-01 8.444000621377934124e+01
1.071519305237607078e-01 8.788105710751507615e+01
1.083926914021203919e-01 9.146233574144417844e+01
1.096478196143185063e-01 9.518955659632479183e+01
1.109174815262400915e-01 9.906866702617031706e+01
1.122018454301963036e-01 1.031058567481670565e+02
1.135010815672314322e-01 1.107983597966083238e+02
1.148153621496884047e-01 1.190652398566818988e+02
1.161448613840343758e-01 1.279489278374949635e+02
1.174897554939530325e-01 1.374954449717652381e+02
1.188502227437018971e-01 1.477539045617324689e+02
1.202264434617413141e-01 1.565386201837100941e+02
1.216186000646367893e-01 1.658456315026297148e+02
1.230268770812381063e-01 1.757059916346977673e+02
1.244514611771384421e-01 1.861525999606622293e+02
1.258925411794166171e-01 1.972193459134649061e+02
1.273503081016662819e-01 2.062220254306999720e+02
1.288249551693134987e-01 2.156356597562189279e+02
1.303166778452299890e-01 2.254790081776472164e+02
1.318256738556407293e-01 2.357716863075992535e+02
1.333521432163324028e-01 2.465342284678579574e+02
1.348962882591653312e-01 2.580492849643380282e+02
1.364583136588923828e-01 2.701021837188328050e+02
1.380384264602883826e-01 2.827180461273684955e+02
1.396368361055939089e-01 2.959231669495916321e+02
1.412537544622755326e-01 3.097450691139234777e+02
1.428893958511103790e-01 3.194093993861836225e+02
1.445439770745927943e-01 3.293745232538122991e+02
1.462177174456718298e-01 3.396505449656750670e+02
1.479108388168207111e-01 3.502471640970938438e+02
1.496235656094432875e-01 3.611743828364944875e+02
1.513561248436207096e-01 3.656711072105450739e+02
1.531087461682031914e-01 3.702221036651046688e+02
1.548816618912482734e-01 3.748297400026647210e+02
1.566751070108150234e-01 3.794947211405731196e+02
1.584893192461114264e-01 3.842164070912567126e+02
1.603245390690041794e-01 3.812432330578471351e+02
1.621810097358929725e-01 3.782930662767826675e+02
1.640589773199538637e-01 3.753657287115082681e+02
1.659586907437559655e-01 3.724610437031665242e+02
1.678804018122558861e-01 3.695788359599353612e+02
1.698243652461746134e-01 3.603820010468863302e+02
1.717908387157589256e-01 3.514121296314115170e+02
1.737800828749376247e-01 3.426655174047319861e+02
1.757923613958693176e-01 3.341366074683064653e+02
1.778279410038922925e-01 3.258199812342347741e+02
1.798870915128787384e-01 3.141318786611485621e+02
1.819700858609982486e-01 3.028629631823815203e+02
1.840772001468954366e-01 2.919982997540873271e+02
1.862087136662869402e-01 2.815233865619038056e+02
1.883649089489801975e-01 2.714242420179512578e+02
1.905460717963248229e-01 2.607516310285570285e+02
1.927524913190936662e-01 2.504986376752048898e+02
1.949844599758045471e-01 2.406488014269078803e+02
1.972422736114853303e-01 2.311862697764271672e+02
1.995262314968878903e-01 2.220958666731233109e+02
2.018366363681559639e-01 2.138698491060150957e+02
2.041737944669531624e-01 2.059485079204517888e+02
2.065380155810531138e-01 1.983205584702859312e+02
2.089296130854040867e-01 1.909751340716573509e+02
2.113489039836647654e-01 1.839017705224542851e+02
2.137962089502232488e-01 1.779161715292371753e+02
2.162718523727020226e-01 1.721254222452538727e+02
2.187761623949551759e-01 1.665231481121336401e+02
2.213094709605636368e-01 1.611032147108659558e+02
2.238721138568342262e-01 1.558597136300585362e+02
2.264644307593061956e-01 1.513649667470617999e+02
2.290867652767774598e-01 1.469998412336397564e+02
2.317394649968479714e-01 1.427605990151267008e+02
2.344228815319922832e-01 1.386436098170006517e+02
2.371373705661655173e-01 1.346453480560976175e+02
2.398832919019489862e-01 1.310421561514092161e+02
2.426610095082414320e-01 1.275354507224021603e+02
2.454708915685028525e-01 1.241225851944389973e+02
2.483133105295572962e-01 1.208010483993567874e+02
2.511886431509582351e-01 1.175683963681866402e+02
2.540972705549306432e-01 1.145108836701561188e+02
2.570395782768864490e-01 1.115328960589885412e+02
2.600159563165271859e-01 1.086323544505765852e+02
2.630267991895381408e-01 1.058072447722893372e+02
2.660725059798808578e-01 1.030556083481284873e+02
2.691534803926913799e-01 1.003933282390257915e+02
2.722701308077915550e-01 9.779982396360037455e+01
2.754228703338169049e-01 9.527331880599167846e+01
2.786121168629772105e-01 9.281208194900700903e+01
2.818382931264454827e-01 9.041442931800067129e+01
2.851018267503909742e-01 8.810060333862506354e+01
2.884031503126605611e-01 8.584599125578357359e+01
2.917427014001165997e-01 8.364907770679384669e+01
2.951209226666384189e-01 8.150838610912809656e+01
2.985382618917963304e-01 7.942248110551854268e+01
3.019951720402019313e-01 7.743392574849059429e+01
3.054921113215515183e-01 7.549515922143768876e+01
3.090295432513592289e-01 7.360493492713467845e+01
3.126079367123955621e-01 7.176203748026962614e+01
3.162277660168379412e-01 6.996528192596946383e+01
3.198895109691397010e-01 6.827930249179799205e+01
3.235936569296281040e-01 6.663395486000652568e+01
3.273406948788379345e-01 6.502825568288066904e+01
3.311311214825914395e-01 6.346124953925126988e+01
3.349654391578279489e-01 6.193200403103193707e+01
3.388441561392027679e-01 6.051494504671568109e+01
3.427677865464504592e-01 5.913032033792528352e+01
3.467368504525316641e-01 5.777737682099103722e+01
3.507518739525679607e-01 5.645538960785417970e+01
3.548133892335753048e-01 5.516365039640683676e+01
3.589219346450049919e-01 5.397597385374417911e+01
3.630780547701017436e-01 5.281387896416373451e+01
3.672823004980849682e-01 5.167680380903140502e+01
3.715352290971727922e-01 5.056420971709264478e+01
3.758374042884443100e-01 4.947557557188213195e+01
3.801893963205612570e-01 4.847280014323327180e+01
3.845917820453535474e-01 4.749034905742787771e+01
3.890451449942805007e-01 4.652781037885186066e+01
3.935500754557772485e-01 4.558478052103931333e+01
3.981071705534977578e-01 4.466086596756706228e+01
4.027170343254594664e-01 4.380546843967838555e+01
4.073802778041130113e-01 4.296645449313917453e+01
4.120975190973303892e-01 4.214351033029505800e+01
4.168693834703355305e-01 4.133632816371401475e+01
4.216965034285822256e-01 4.054460940139237835e+01
4.265795188015925610e-01 3.979928151435102990e+01
4.315190768277650246e-01 3.906765492243629012e+01
4.365158322401656577e-01 3.834947775597922259e+01
4.415704473533129670e-01 3.764450277540816359e+01
4.466835921509634821e-01 3.695248728613442779e+01
4.518559443749226023e-01 3.628854958731188418e+01
4.570881896148751844e-01 3.563654227554795995e+01
4.623810213992603502e-01 3.499624977574066520e+01
4.677351412871981196e-01 3.436746160433142450e+01
4.731512589614803033e-01 3.374997105958325960e+01
4.786300923226380344e-01 3.314774453417272326e+01
4.841723675840998720e-01 3.255626455405481323e+01
4.897788193684466385e-01 3.197533879329027684e+01
4.954501908047905245e-01 3.140477892505494850e+01
5.011872336272724660e-01 3.084439979973630130e+01
5.069907082747044935e-01 3.028957542283402660e+01
5.128613839913648276e-01 2.974473114251990324e+01
5.188000389289609826e-01 2.920968743833295989e+01
5.248074602497723173e-01 2.868426801899896006e+01
5.308844442309890166e-01 2.816829976434426186e+01
5.370317963702532227e-01 2.765563150914262636e+01
5.432503314924336246e-01 2.715229337685669364e+01
5.495408738576248453e-01 2.665811610120605479e+01
5.559042572704037122e-01 2.617293295273206866e+01
5.623413251903490728e-01 2.569657991494644378e+01
5.688529308438413645e-01 2.522261269890776703e+01
5.754399373371565929e-01 2.475738769380234672e+01
5.821032177708709288e-01 2.430074365165896211e+01
5.888436553555895792e-01 2.385252229868625662e+01
5.956621435290109234e-01 2.341256823020299649e+01
6.025595860743581111e-01 2.297837430128027592e+01
6.095368972401693508e-01 2.255223264437061559e+01
6.165950018614821948e-01 2.213399392738926963e+01
6.237348354824191476e-01 2.172351158766513279e+01
6.309573444801930275e-01 2.132064178058098491e+01
6.382634861905482904e-01 2.092879965102950024e+01
6.456542290346563018e-01 2.054415932026917702e+01
6.531305526474729950e-01 2.016658810892877085e+01
6.606934480075964400e-01 1.979595609706645831e+01
6.683439175686148870e-01 1.943213575247652969e+01
6.760829753919819218e-01 1.908309104588522587e+01
6.839116472814292802e-01 1.874031604957323793e+01
6.918309709189363055e-01 1.840369805884352772e+01
6.998419960022731479e-01 1.807312648010512035e+01
7.079457843841387987e-01 1.774849270627522912e+01
7.161434102129027313e-01 1.744154222595779657e+01
7.244359600749905592e-01 1.713990059465295346e+01
7.328245331389044992e-01 1.684347568515844884e+01
7.413102413009177161e-01 1.655217727721415599e+01
7.498942093324558744e-01 1.626591703029949443e+01
7.585775750291835484e-01 1.599755883669750745e+01
7.673614893618185828e-01 1.573362806762615307e+01
7.762471166286911695e-01 1.547405167859326447e+01
7.852356346100726192e-01 1.521875783020853490e+01
7.943282347242821562e-01 1.496767618510586928e+01
8.035261221856176972e-01 1.473288092220872159e+01
8.128305161640995147e-01 1.450176885066320764e+01
8.222426499470711914e-01 1.427428219290444567e+01
8.317637711026708569e-01 1.405036407771392248e+01
8.413951416451947996e-01 1.382995866094561599e+01
8.511380382023758795e-01 1.362209745789327364e+01
8.609937521846016129e-01 1.341736036249685604e+01
8.709635899560814742e-01 1.321570042011313717e+01
8.810488730080147102e-01 1.301707138181663126e+01
8.912509381337458958e-01 1.282142769379293235e+01
9.015711376059570847e-01 1.263448528252635583e+01
9.120108393559096527e-01 1.245026861326835466e+01
9.225714271547628131e-01 1.226873790869143477e+01
9.332543007969904547e-01 1.208985400618182560e+01
9.440608762859244996e-01 1.191357831413484014e+01
9.549925860214368845e-01 1.174216397226344810e+01
9.660508789898141213e-01 1.157321619902976906e+01
9.772372209558111145e-01 1.140669926819857238e+01
9.885530946569390798e-01 1.124257820449511236e+01
1.000000000000000000e+00 1.108081853587342103e+01
1.011579454259898370e+00 1.091984745482041852e+01
1.023292992280753655e+00 1.076121480110033524e+01
1.035142166679343001e+00 1.060488660437293085e+01
1.047128548050900720e+00 1.045082938778516812e+01
1.059253725177289773e+00 1.029900871675061502e+01
1.071519305237607078e+00 1.014473735045222647e+01
1.083926914021203780e+00 9.992776852618382222e+00
1.096478196143185091e+00 9.843092608186095660e+00
1.109174815262400804e+00 9.695650520599869537e+00
1.122018454301962898e+00 9.550417004044836844e+00
1.135010815672314211e+00 9.401851074097590910e+00
1.148153621496884158e+00 9.255595581508453407e+00
1.161448613840343702e+00 9.111615243986566526e+00
1.174897554939530409e+00 8.969874669147726465e+00
1.188502227437018943e+00 8.830337730976944854e+00
1.202264434617413169e+00 8.685210101734943677e+00
1.216186000646367837e+00 8.542467661985247318e+00
1.230268770812381174e+00 8.402071210860700745e+00
1.244514611771384338e+00 8.263982191764963403e+00
1.258925411794168836e+00 8.128162681783836163e+00
1.273503081016662986e+00 7.987505572872334980e+00
1.288249551693134931e+00 7.849280323301151441e+00
1.303166778452300001e+00 7.713447087036841232e+00
1.318256738556407459e+00 7.579964469850208886e+00
1.333521432163323972e+00 7.448791033177130316e+00
1.348962882591653312e+00 7.311879491129335662e+00
1.364583136588923828e+00 7.177484434006733416e+00
1.380384264602883881e+00 7.045559607883001618e+00
1.396368361055939200e+00 6.916059608996114605e+00
1.412537544622755492e+00 6.788939868122105814e+00
1.428893958511103568e+00 6.657154831646702853e+00
1.445439770745927888e+00 6.527926933857610692e+00
1.462177174456718243e+00 6.401207592650016487e+00
1.479108388168207222e+00 6.276948112221931275e+00
1.496235656094432764e+00 6.155100742048477791e+00
1.513561248436207096e+00 6.029128374782181332e+00
1.531087461682031803e+00 5.905732597759272728e+00
1.548816618912482790e+00 5.784862313119458754e+00
1.566751070108150179e+00 5.666465832612676223e+00
1.584893192461114042e+00 5.550491417228706759e+00
1.603245390690041683e+00 5.430688413800989878e+00
1.621810097358929781e+00 5.313471264228618374e+00
1.640589773199538692e+00 5.198784154884472208e+00
1.659586907437559766e+00 5.086572476834791523e+00
1.678804018122562303e+00 4.976782799836799498e+00
1.698243652461745912e+00 4.864622585756558593e+00
1.717908387157589312e+00 4.754988657956683795e+00
1.737800828749376247e+00 4.647825548378146543e+00
1.757923613958693121e+00 4.543077572226969174e+00
1.778279410038922759e+00 4.440690299676555597e+00
1.798870915128787384e+00 4.335965499005954626e+00
1.819700858609982541e+00 4.233710292711501566e+00
1.840772001468954366e+00 4.133866574058433052e+00
1.862087136662869513e+00 4.036377472860309901e+00
1.883649089489802142e+00 3.941187460102081541e+00
1.905460717963248340e+00 3.844706505141104902e+00
1.927524913190936662e+00 3.750587275991378089e+00
1.949844599758045582e+00 3.658772105495775584e+00
1.972422736114853414e+00 3.569204589810687445e+00
1.995262314968878847e+00 3.481829387382495700e+00
2.018366363681559861e+00 3.393511894359221515e+00
2.041737944669531846e+00 3.307434597137077770e+00
2.065380155810531360e+00 3.223540672576581390e+00
2.089296130854040978e+00 3.141774738871673023e+00
2.113489039836647709e+00 3.062082818989984467e+00
2.137962089502232654e+00 2.982023937590861706e+00
2.162718523727019893e+00 2.904058122881607140e+00
2.187761623949551648e+00 2.828130745284358039e+00
2.213094709605636368e+00 2.754188509314740241e+00
2.238721138568342539e+00 2.682179422922838619e+00
2.264644307593061789e+00 2.610069993452912573e+00
2.290867652767774931e+00 2.539899200069013041e+00
2.317394649968479658e+00 2.471614923236959971e+00
2.344228815319922887e+00 2.405166444637509837e+00
2.371373705661655062e+00 2.340504409495198779e+00
2.398832919019489918e+00 2.281504324908990355e+00
2.426610095082414542e+00 2.223992413554486625e+00
2.454708915685028359e+00 2.167930256167810210e+00
2.483133105295572740e+00 2.113281307509575768e+00
2.511886431509582351e+00 2.060009943568827051e+00
2.540972705549306543e+00 1.999498126927247599e+00
2.570395782768864823e+00 1.940762790291672646e+00
2.600159563165272303e+00 1.883752806495010645e+00
2.630267991895381297e+00 1.828417493229315127e+00
2.660725059798808356e+00 1.774707656981439285e+00
2.691534803926913799e+00 1.722575549299634856e+00
2.722701308077915439e+00 1.671974824344805599e+00
2.754228703338168938e+00 1.622860497688739523e+00
2.786121168629771994e+00 1.575188906322556592e+00
2.818382931264455049e+00 1.528917677071653936e+00
2.851018267503909964e+00 1.484083361543408142e+00
2.884031503126605500e+00 1.440563777265270629e+00
2.917427014001165997e+00 1.398320370771223065e+00
2.951209226666383856e+00 1.357315719145502975e+00
2.985382618917963082e+00 1.317513496870081013e+00
3.019951720402019202e+00 1.278878443644369423e+00
3.054921113215515405e+00 1.241376333148504374e+00
3.090295432513591845e+00 1.204973942722700198e+00
3.126079367123955954e+00 1.169639023935694855e+00
3.162277660168379523e+00 1.135340274016261475e+00
3.198895109691397121e+00 1.101214314859471965e+00
3.235936569296280929e+00 1.068114058903460117e+00
3.273406948788379456e+00 1.036008729120827976e+00
3.311311214825914284e+00 1.004868420060331280e+00
3.349654391578279267e+00 9.746641251676025908e-01
3.388441561392027346e+00 9.453677097661133955e-01
3.427677865464504592e+00 9.169518848503251940e-01
3.467368504525316641e+00 8.893901816665389370e-01
3.507518739525679496e+00 8.626569270578005044e-01
3.548133892335753270e+00 8.367272195498817178e-01
3.589219346450049919e+00 8.111362934215977649e-01
3.630780547701017547e+00 7.863279904165730860e-01
3.672823004980850126e+00 7.622784401673842192e-01
3.715352290971727811e+00 7.389644365021119654e-01
3.758374042884443433e+00 7.163634830010084942e-01
3.801893963205612792e+00 6.944537712889919945e-01
3.845917820453535363e+00 6.732141599920505870e-01
3.890451449942804896e+00 6.526241543372642839e-01
3.935500754557772485e+00 6.326638863767491960e-01
3.981071705534977578e+00 6.133140884840663221e-01
4.027170343254594442e+00 5.943651146655558604e-01
4.073802778041129891e+00 5.760015890138434624e-01
4.120975190973304336e+00 5.582054235016147281e-01
4.168693834703354639e+00 5.409590889498895327e-01
4.216965034285822256e+00 5.242455977618203367e-01
4.265795188015925277e+00 5.080484871899566546e-01
4.315190768277649802e+00 4.923518031204749956e-01
4.365158322401656577e+00 4.771400843584187590e-01
4.415704473533129892e+00 4.623983473984560333e-01
4.466835921509634488e+00 4.481120716661752268e-01
4.518559443749226467e+00 4.342517678412621818e-01
4.570881896148751622e+00 4.208201681358508250e-01
4.623810213992602947e+00 4.078040137642449103e-01
4.677351412871980862e+00 3.951904548180815713e-01
4.731512589614802700e+00 3.829670388423607186e-01
4.786300923226380455e+00 3.711216985420361381e-01
4.841723675840999164e+00 3.596427398688453181e-01
4.897788193684466052e+00 3.485188304766296818e-01
4.954501908047905800e+00 3.377389885337145903e-01
5.011872336272724660e+00 3.272925785901986684e-01
5.069907082747044491e+00 3.173298848812241002e-01
5.128613839913648498e+00 3.076704527566288538e-01
5.188000389289609160e+00 2.983050510193845373e-01
5.248074602497722729e+00 2.892247294674947233e-01
5.308844442309889722e+00 2.804208103405840813e-01
5.370317963702532893e+00 2.718848800268577337e-01
5.432503314924336024e+00 2.636087810224851946e-01
5.495408738576248453e+00 2.555846041357507925e-01
5.559042572704036900e+00 2.478046809285025798e-01
5.623413251903491172e+00 2.402615971934491668e-01
5.688529308438413423e+00 2.333500602270752733e-01
5.754399373371566817e+00 2.266373454769671503e-01
5.821032177708709732e+00 2.201177334810321962e-01
5.888436553555895792e+00 2.137856693073144077e-01
5.956621435290109901e+00 2.076357578210072941e-01
6.025595860743581333e+00 2.016627590876080844e-01
6.095368972401693952e+00 1.958615839083190091e-01
6.165950018614822170e+00 1.902272894838758222e-01
6.237348354824191254e+00 1.847550752031128507e-01
6.309573444801929831e+00 1.794402785526794386e-01
6.382634861905482460e+00 1.750786218356374935e-01
6.456542290346562574e+00 1.708230545811206258e-01
6.531305526474729284e+00 1.666709257274088529e-01
6.606934480075964622e+00 1.626197210379447256e-01
6.683439175686149092e+00 1.586669873887312787e-01
6.760829753919819218e+00 1.548103312828927602e-01
6.839116472814292358e+00 1.510474174013410331e-01
6.918309709189363055e+00 1.473759671886712141e-01
6.998419960022730812e+00 1.437937574734294843e-01
7.079457843841387543e+00 1.402986191219159906e-01
7.161434102129026869e+00 1.381744059522025669e-01
7.244359600749906036e+00 1.360823884260144445e-01
7.328245331389044104e+00 1.340220449084802423e-01
7.413102413009177383e+00 1.319928958420381049e-01
7.498942093324558300e+00 1.299944689298255240e-01
7.585775750291835706e+00 1.280262990257495515e-01
7.673614893618185384e+00 1.260879280262207081e-01
7.762471166286911917e+00 1.241789047635272897e-01
7.852356346100726192e+00 1.222987849008223826e-01
7.943282347242821118e+00 1.204471308287033554e-01
8.035261221856176306e+00 1.202121182638081903e-01
8.128305161640994925e+00 1.199776978219886797e-01
8.222426499470712358e+00 1.197437345133129383e-01
8.317637711026709013e+00 1.195102274463454572e-01
8.413951416451947551e+00 1.192771757313890457e-01
8.511380382023759239e+00 1.190445784804814860e-01
8.609937521846015684e+00 1.188124348073920783e-01
8.709635899560813854e+00 1.185807438276184761e-01
8.810488730080146880e+00 1.183495046583830229e-01
8.912509381337459402e+00 1.181187164186295602e-01
9.015711376059570625e+00 1.192561172354519722e-01
9.120108393559096527e+00 1.204044788025752516e-01
9.225714271547628798e+00 1.215638983709098897e-01
9.332543007969904991e+00 1.227344824220678587e-01
9.440608762859245218e+00 1.239163384630122960e-01
9.549925860214369067e+00 1.251095750359305647e-01
9.660508789898141657e+00 1.263143017282036262e-01
9.772372209558112033e+00 1.275306291824699345e-01
9.885530946569391020e+00 1.287586691067873490e-01
1.000000000000000000e+01 1.299985342848918313e-01
1.011579454259898192e+01 1.319967683997653463e-01
1.023292992280753566e+01 1.340257177807747668e-01
1.035142166679345088e+01 1.360858545585718338e-01
1.047128548050900676e+01 1.381776581210236443e-01
1.059253725177289773e+01 1.403017793053900897e-01
1.071519305237607078e+01 1.430048386785701953e-01
1.083926914021203913e+01 1.457599752956106054e-01
1.096478196143185180e+01 1.485681924786564356e-01
1.109174815262400848e+01 1.514305128798946742e-01
1.122018454301962898e+01 1.543479788539683095e-01
1.135010815672314344e+01 1.574128298886695587e-01
1.148153621496884114e+01 1.605385500711871416e-01
1.161448613840343747e+01 1.637263371555336966e-01
1.174897554939530231e+01 1.669774235937774853e-01
1.188502227437018988e+01 1.702930580613102041e-01
1.202264434617413080e+01 1.736228650247679806e-01
1.216186000646367837e+01 1.770177810099327620e-01
1.230268770812381085e+01 1.804790791190459542e-01
1.244514611771384338e+01 1.840080573478159454e-01
1.258925411794168703e+01 1.876059582330736886e-01
1.273503081016662897e+01 1.910536816015680761e-01
1.288249551693134975e+01 1.945647654120100933e-01
1.303166778452300001e+01 1.981403740691893289e-01
1.318256738556407370e+01 2.017816933767129506e-01
1.333521432163323972e+01 2.054899009400540655e-01
1.348962882591653312e+01 2.089391401098146528e-01
1.364583136588923828e+01 2.124462762895779067e-01
1.380384264602886724e+01 2.160122813063485581e-01
1.396368361055939111e+01 2.196381432996760419e-01
1.412537544622755448e+01 2.233248669954732979e-01
1.428893958511103612e+01 2.266919710839868651e-01
1.445439770745928065e+01 2.301097831004549066e-01
1.462177174456718376e+01 2.335791251244659361e-01
1.479108388168207178e+01 2.371007740687540166e-01
1.496235656094432720e+01 2.406755185594876278e-01
1.513561248436207229e+01 2.438762063466877739e-01
1.531087461682031936e+01 2.471193500530450005e-01
1.548816618912482745e+01 2.504056221205389066e-01
1.566751070108150046e+01 2.537355960838950653e-01
1.584893192461114175e+01 2.571097753665033681e-01
1.603245390690041816e+01 2.600790642058751212e-01
1.621810097358929781e+01 2.630826445310494033e-01
1.640589773199538826e+01 2.661209123647984565e-01
1.659586907437559589e+01 2.691942683034508899e-01
1.678804018122562525e+01 2.723030258619864585e-01
1.698243652461745867e+01 2.750019127818031928e-01
1.717908387157589445e+01 2.777275492780630350e-01
1.737800828749376336e+01 2.804802004748193633e-01
1.757923613958693210e+01 2.832601341238591419e-01
1.778279410038922848e+01 2.860676206307475877e-01
1.798870915128787473e+01 2.884550263976767281e-01
1.819700858609982674e+01 2.908623434917819162e-01
1.840772001468958052e+01 2.932897509814821335e-01
1.862087136662869469e+01 2.957374165322644299e-01
1.883649089489802009e+01 2.982055092088784498e-01
1.905460717963248385e+01 3.002921952618760049e-01
1.927524913190936573e+01 3.023934658657749242e-01
1.949844599758045405e+01 3.045094399425596343e-01
1.972422736114853592e+01 3.066402203786048331e-01
1.995262314968878670e+01 3.087858712034706743e-01
2.018366363681559505e+01 3.105513613338446999e-01
2.041737944669531757e+01 3.123269456935578448e-01
2.065380155810531093e+01 3.141126819965913697e-01
2.089296130854040712e+01 3.159086282869088547e-01
2.113489039836647621e+01 3.177148429403411356e-01
2.137962089502232388e+01 3.191398138815037533e-01
2.162718523727020070e+01 3.205711603945962107e-01
2.187761623949552003e+01 3.220089265167485060e-01
2.213094709605636368e+01 3.234531410399967277e-01
2.238721138568342184e+01 3.249038164236799364e-01
2.264644307593061967e+01 3.259869048381066059e-01
2.290867652767774842e+01 3.270736037995758405e-01
2.317394649968479570e+01 3.281639253440853388e-01
2.344228815319922532e+01 3.292578815477560372e-01
2.371373705661655151e+01 3.303554322861763093e-01
2.398832919019490006e+01 3.310707523644272343e-01
2.426610095082414276e+01 3.317876213284065012e-01
2.454708915685033688e+01 3.325060425319233959e-01
2.483133105295572918e+01 3.332260193360487288e-01
2.511886431509581996e+01 3.339475551091315442e-01
2.540972705549306454e+01 3.342921955170511938e-01
2.570395782768864734e+01 3.346371448732026743e-01
2.600159563165272303e+01 3.349824501756190065e-01
2.630267991895381385e+01 3.353281117915936083e-01
2.660725059798808445e+01 3.356740626711083308e-01
2.691534803926914066e+01 3.356121093821364809e-01
2.722701308077915527e+01 3.355501675275006090e-01
2.754228703338169026e+01 3.354882371050903478e-01
2.786121168629772171e+01 3.354263181127957738e-01
2.818382931264455138e+01 3.353643716320121593e-01
2.851018267503909698e+01 3.348720429633570417e-01
2.884031503126605855e+01 3.343804370534041448e-01
2.917427014001166086e+01 3.338895528411138236e-01
2.951209226666383856e+01 3.333993892670044090e-01
2.985382618917963171e+01 3.329099452731493214e-01
3.019951720402019291e+01 3.320046121208142798e-01
3.054921113215515405e+01 3.311016517934511350e-01
3.090295432513591933e+01 3.302011472673722081e-01
3.126079367123955777e+01 3.293030918634800019e-01
3.162277660168379256e+01 3.284074789208426548e-01
3.198895109691397209e+01 3.270670909126620063e-01
3.235936569296281107e+01 3.257321450624998671e-01
3.273406948788386472e+01 3.244026478816545156e-01
3.311311214825914817e+01 3.230785771310241139e-01
3.349654391578279444e+01 3.217598577284181416e-01
3.388441561392027523e+01 3.199839707481336171e-01
3.427677865464504947e+01 3.182178854087031605e-01
3.467368504525316553e+01 3.164615476119976289e-01
3.507518739525679763e+01 3.147149035584711485e-01
3.548133892335753359e+01 3.129778566253342831e-01
3.589219346450050097e+01 3.108007243225669458e-01
3.630780547701017724e+01 3.086387365578660003e-01
3.672823004980850214e+01 3.064917879830028613e-01
3.715352290971728166e+01 3.043597739825698589e-01
3.758374042884442900e+01 3.022425483311999006e-01
3.801893963205612437e+01 2.996904537086529374e-01
3.845917820453535541e+01 2.971599086230536368e-01
3.890451449942804629e+01 2.946507311130678874e-01
3.935500754557772041e+01 2.921627407538178178e-01
3.981071705534977667e+01 2.896957426590555107e-01
4.027170343254594798e+01 2.868239647543056048e-01
4.073802778041130068e+01 2.839806550219166614e-01
4.120975190973304336e+01 2.811655312545365826e-01
4.168693834703355350e+01 2.783783140423585212e-01
4.216965034285822611e+01 2.756186825775613358e-01
4.265795188015925277e+01 2.724650548296211339e-01
4.315190768277650335e+01 2.693475108764350479e-01
4.365158322401665458e+01 2.662656378473827745e-01
4.415704473533129715e+01 2.632190275959087611e-01
4.466835921509634488e+01 2.602072766454676112e-01
4.518559443749226290e+01 2.568463184197561922e-01
4.570881896148751622e+01 2.535287418792761538e-01
4.623810213992603479e+01 2.502540170883155723e-01
4.677351412871981040e+01 2.470215905487369301e-01
4.731512589614802522e+01 2.438308986299152770e-01
4.786300923226380633e+01 2.403228706737502440e-01
4.841723675840999164e+01 2.368653131879409346e-01
4.897788193684466052e+01 2.334575000470386075e-01
4.954501908047905090e+01 2.300987155724571465e-01
5.011872336272725192e+01 2.267882410223180656e-01
5.069907082747044313e+01 2.232004297997182973e-01
5.128613839913648320e+01 2.196693780868309298e-01
5.188000389289609160e+01 2.161941879428944391e-01
5.248074602497722907e+01 2.127739756326535725e-01
5.308844442309889899e+01 2.094078497991073984e-01
5.370317963702532893e+01 2.058026854977376696e-01
5.432503314924336024e+01 2.022595876836193740e-01
5.495408738576248453e+01 1.987774878204755513e-01
5.559042572704036900e+01 1.953553357679435609e-01
5.623413251903490817e+01 1.919920859655138423e-01
5.688529308438413068e+01 1.884228053160254546e-01
5.754399373371566639e+01 1.849198803409952130e-01
5.821032177708721633e+01 1.814820774373615830e-01
5.888436553555895614e+01 1.781081859356958841e-01
5.956621435290109190e+01 1.747970176738439518e-01
6.025595860743580801e+01 1.713403648799701473e-01
6.095368972401693952e+01 1.679520132998287008e-01
6.165950018614822170e+01 1.646306682679616606e-01
6.237348354824191432e+01 1.613750046923864145e-01
6.309573444801930009e+01 1.581837127647943431e-01
6.382634861905482637e+01 1.548299701259807926e-01
6.456542290346563107e+01 1.515473320875760088e-01
6.531305526474729106e+01 1.483342911206072534e-01
6.606934480075963734e+01 1.451893716580765770e-01
6.683439175686149269e+01 1.421111294173203476e-01
6.760829753919819041e+01 1.389482751424483686e-01
6.839116472814292536e+01 1.358558124282329138e-01
6.918309709189362877e+01 1.328321762297050013e-01
6.998419960022731345e+01 1.298758347291190385e-01
7.079457843841387898e+01 1.269852902011952001e-01
7.161434102129027224e+01 1.240161518137679331e-01
7.244359600749905326e+01 1.211164333890887568e-01
7.328245331389044281e+01 1.182845155437651091e-01
7.413102413009177383e+01 1.155188129795415158e-01
7.498942093324558300e+01 1.128177741030896020e-01
7.585775750291836061e+01 1.100445536215663850e-01
7.673614893618186272e+01 1.073395028225269526e-01
7.762471166286927371e+01 1.047009459987414542e-01
7.852356346100725659e+01 1.021272486342353070e-01
7.943282347242821118e+01 9.961681454684513659e-02
8.035261221856177372e+01 9.709800565357927515e-02
8.128305161640994925e+01 9.464288478597104870e-02
8.222426499470712713e+01 9.224984159373830761e-02
8.317637711026708303e+01 8.991730644426923491e-02
8.413951416451946841e+01 8.764374802271066023e-02
8.511380382023759239e+01 8.533637888625986156e-02
8.609937521846016750e+01 8.308975512471515612e-02
8.709635899560814210e+01 8.090227751387242539e-02
8.810488730080146524e+01 7.877238893179450141e-02
8.912509381337459047e+01 7.669857325039974860e-02
9.015711376059570625e+01 7.460706213228592010e-02
9.120108393559097237e+01 7.257258449039237502e-02
9.225714271547629153e+01 7.059358550101596519e-02
9.332543007969904636e+01 6.866855230364579676e-02
9.440608762859245928e+01 6.679601329232152940e-02
9.549925860214368356e+01 6.492151757058887973e-02
9.660508789898140947e+01 6.309962521354538223e-02
9.772372209558110967e+01 6.132886061637045361e-02
9.885530946569390665e+01 5.960778898088897604e-02
1.000000000000000000e+02 5.793501577366282074e-02
1.011579454259898228e+02 5.627672924281849204e-02
1.023292992280753566e+02 5.466590820726485028e-02
1.035142166679345195e+02 5.310119405182809477e-02
1.047128548050900605e+02 5.158126704927198242e-02
1.059253725177289738e+02 5.010483533927483080e-02
1.071519305237606972e+02 4.863917686673430163e-02
1.083926914021203913e+02 4.721639159682140124e-02
1.096478196143185073e+02 4.583522540960446173e-02
1.109174815262400955e+02 4.449446087046349946e-02
1.122018454301963004e+02 4.319291615697742198e-02
1.135010815672314379e+02 4.188891876745755999e-02
1.148153621496884114e+02 4.062428445623803008e-02
1.161448613840343853e+02 3.939782969197696411e-02
1.174897554939530266e+02 3.820840182699333093e-02
1.188502227437018917e+02 3.705488109269974156e-02
1.202264434617413116e+02 3.592475328670510087e-02
1.216186000646367944e+02 3.482909297379699343e-02
1.230268770812381121e+02 3.376684893828676981e-02
1.244514611771384409e+02 3.273700202525761660e-02
1.258925411794168809e+02 3.173856195870843749e-02
1.273503081016663003e+02 3.076485296763352417e-02
1.288249551693134833e+02 2.982101644527777179e-02
1.303166778452300036e+02 2.890613593262139625e-02
1.318256738556407299e+02 2.801932308673868097e-02
1.333521432163323936e+02 2.715971415698819821e-02
1.348962882591653170e+02 2.629884130626103378e-02
1.364583136588923935e+02 2.546525526940962916e-02
1.380384264602886617e+02 2.465809114494352944e-02
1.396368361055939147e+02 2.387651144588119265e-02
1.412537544622755377e+02 2.311970523080006737e-02
1.428893958511103790e+02 2.238655837025236781e-02
1.445439770745927888e+02 2.167666021473542079e-02
1.462177174456718376e+02 2.098927357630263682e-02
1.479108388168207284e+02 2.032368459424375301e-02
1.496235656094432898e+02 1.967920204502199982e-02
1.513561248436207052e+02 1.904741095662726078e-02
1.531087461682031972e+02 1.843590131931513443e-02
1.548816618912482852e+02 1.784402395839893712e-02
1.566751070108150259e+02 1.727114858736639863e-02
1.584893192461114211e+02 1.671666417703805349e-02
1.603245390690041745e+02 1.617457406791994109e-02
1.621810097358929852e+02 1.565006292571121185e-02
1.640589773199538683e+02 1.514256069744029584e-02
1.659586907437559660e+02 1.465151581588561291e-02
1.678804018122562240e+02 1.417639425696697736e-02
1.698243652461746080e+02 1.371508334429908348e-02
1.717908387157589516e+02 1.326878384809499802e-02
1.737800828749376194e+02 1.283700728516895366e-02
1.757923613958693068e+02 1.241928106795860132e-02
1.778279410038922776e+02 1.201514798726895442e-02
1.798870915128787260e+02 1.161511308670795661e-02
1.819700858609982674e+02 1.122839678138843299e-02
1.840772001468958194e+02 1.085455589963843503e-02
1.862087136662869398e+02 1.049316176407929894e-02
1.883649089489802009e+02 1.014379996981762573e-02
1.905460717963248385e+02 9.809048749673997258e-03
1.927524913190936502e+02 9.485345962056650551e-03
1.949844599758045547e+02 9.172325504335426122e-03
1.972422736114853308e+02 8.869634855072876592e-03
1.995262314968878741e+02 8.576932669134940818e-03
2.018366363681559790e+02 8.289505744072023577e-03
2.041737944669531544e+02 8.011710961458825761e-03
2.065380155810531164e+02 7.743225532579129516e-03
2.089296130854040712e+02 7.483737485890014710e-03
2.113489039836647692e+02 7.232945304521027491e-03
2.137962089502232459e+02 6.988602448319342596e-03
2.162718523727019999e+02 6.752513890988786141e-03
2.187761623949551790e+02 6.524400863431834355e-03
2.213094709605636581e+02 6.303993936770231621e-03
2.238721138568342326e+02 6.091032783956222552e-03
2.264644307593061967e+02 5.885038166848827711e-03
2.290867652767774700e+02 5.686010072974762540e-03
2.317394649968479712e+02 5.493712977443972537e-03
2.344228815319922603e+02 5.307919242349586932e-03
2.371373705661655151e+02 5.128409065760766196e-03
2.398832919019489793e+02 4.955947912456601205e-03
2.426610095082414205e+02 4.789286384146774524e-03
2.454708915685033617e+02 4.628229447634342117e-03
2.483133105295572989e+02 4.472588628413359975e-03
2.511886431509582280e+02 4.322181790109236310e-03
2.540972705549306454e+02 4.179973759774443035e-03
2.570395782768864592e+02 4.042445020060192636e-03
2.600159563165271948e+02 3.909441226035640336e-03
2.630267991895381670e+02 3.780813498757114224e-03
2.660725059798808729e+02 3.656417412190961398e-03
2.691534803926913924e+02 3.533507342516263149e-03
2.722701308077915314e+02 3.414728881332699216e-03
2.754228703338168884e+02 3.299943145074719225e-03
2.786121168629772455e+02 3.189015918732508378e-03
2.818382931264454783e+02 3.081817325101293258e-03
2.851018267503909556e+02 2.976363545659255726e-03
2.884031503126605571e+02 2.874518188919000621e-03
2.917427014001165730e+02 2.776157781691934723e-03
2.951209226666384211e+02 2.681163075801244917e-03
2.985382618917963100e+02 2.589418797396019888e-03
3.019951720402019077e+02 2.499469316564034357e-03
3.054921113215515334e+02 2.412644440029383837e-03
3.090295432513592004e+02 2.328835627398902815e-03
3.126079367123955990e+02 2.247938108682263382e-03
3.162277660168379612e+02 2.169850753318294106e-03
3.198895109691397352e+02 2.093752116174887358e-03
3.235936569296280823e+02 2.020322282485715118e-03
3.273406948788386330e+02 1.949467701346221851e-03
3.311311214825914249e+02 1.881098056254811675e-03
3.349654391578279160e+02 1.815126198193516092e-03
3.388441561392027666e+02 1.756953553834697188e-03
3.427677865464504521e+02 1.700646047326779967e-03
3.467368504525316553e+02 1.646143104907779164e-03
3.507518739525679621e+02 1.593386893230894436e-03
3.548133892335753217e+02 1.542321061726580371e-03
3.589219346450049670e+02 1.489131300721280651e-03
3.630780547701017440e+02 1.437775885849217408e-03
3.672823004980849646e+02 1.388191556331022473e-03
3.715352290971727598e+02 1.340317233050915095e-03
3.758374042884443043e+02 1.294093943318065220e-03
3.801893963205612863e+02 1.250651660835695820e-03
3.845917820453535114e+02 1.208668144003145761e-03
3.890451449942804629e+02 1.168093984980472224e-03
3.935500754557772325e+02 1.128881872594471271e-03
3.981071705534977241e+02 1.090986146372132683e-03
4.027170343254595082e+02 1.055986866940097696e-03
4.073802778041130068e+02 1.022110378631336690e-03
4.120975190973304052e+02 9.893206618498203049e-04
4.168693834703354923e+02 9.575828525228132024e-04
4.216965034285822753e+02 9.268632050312131370e-04
4.265795188015925419e+02 8.904022840325574468e-04
4.315190768277649909e+02 8.553750032696517090e-04
4.365158322401665600e+02 8.217256506855481236e-04
4.415704473533129999e+02 7.894000203577718894e-04
4.466835921509634773e+02 7.583460387551120953e-04
4.518559443749226148e+02 7.336220761318775667e-04
4.570881896148752048e+02 7.097055340251446709e-04
4.623810213992603622e+02 6.865686862664323840e-04
4.677351412871981324e+02 6.641861143285294859e-04
4.731512589614802664e+02 6.425332283442359172e-04
4.786300923226380064e+02 6.238959391502667392e-04
4.841723675840999022e+02 6.057995480041898423e-04
4.897788193684466478e+02 5.882280510783891242e-04
4.954501908047905658e+02 5.711662235724990688e-04
5.011872336272724624e+02 5.545990848912574558e-04
5.069907082747044456e+02 5.337995178498570201e-04
5.128613839913648462e+02 5.137800133813958487e-04
5.188000389289609302e+02 4.945113161837557140e-04
5.248074602497722481e+02 4.759652681394974908e-04
5.308844442309889473e+02 4.581149018314559468e-04
5.370317963702532325e+02 4.427207824790052181e-04
5.432503314924335882e+02 4.278439545521111448e-04
5.495408738576247742e+02 4.134670354118048265e-04
5.559042572704037184e+02 3.995732265311334420e-04
5.623413251903490391e+02 3.861462376396431243e-04
5.688529308438413636e+02 3.720902483307667540e-04
5.754399373371566071e+02 3.585459067247371125e-04
5.821032177708722202e+02 3.454945884923732230e-04
5.888436553555895898e+02 3.329183472429238949e-04
5.956621435290109048e+02 3.207998646565083148e-04
6.025595860743580943e+02 3.079649291614357069e-04
6.095368972401693100e+02 2.956435087494806960e-04
6.165950018614821602e+02 2.838150581097041475e-04
6.237348354824191574e+02 2.724598539319573868e-04
6.309573444801930009e+02 2.615591915100418411e-04
6.382634861905495427e+02 2.557833974497624330e-04
6.456542290346562822e+02 2.501351454453912076e-04
6.531305526474729959e+02 2.446116190917974596e-04
6.606934480075964302e+02 2.392100641761818198e-04
6.683439175686148701e+02 2.339277873047353065e-04
6.760829753919819041e+02 2.258666634022494710e-04
6.839116472814292820e+02 2.180832951165461288e-04
6.918309709189362593e+02 2.105681418075825567e-04
6.998419960022730493e+02 2.033119607836219244e-04
7.079457843841387330e+02 1.963058278562071956e-04
7.161434102129027224e+02 1.896860809104604600e-04
7.244359600749905894e+02 1.832895661416850455e-04
7.328245331389044850e+02 1.771087519714506151e-04
7.413102413009177099e+02 1.711363646342926046e-04
7.498942093324558300e+02 1.653653756476285630e-04
7.585775750291835493e+02 1.597889935404277000e-04
7.673614893618185988e+02 1.544006558608086277e-04
7.762471166286927655e+02 1.491940214531494596e-04
7.852356346100725659e+02 1.441629629956317027e-04
7.943282347242821970e+02 1.393015597894192866e-04
8.035261221856177372e+02 1.346040907910109135e-04
8.128305161640995493e+02 1.300650278795434367e-04
8.222426499470711860e+02 1.256790293511362818e-04
8.317637711026708303e+02 1.214409336326139716e-04
8.413951416451947125e+02 1.173457532072166447e-04
8.511380382023776292e+02 1.133886687451391865e-04
8.609937521846015898e+02 1.095650234320052363e-04
8.709635899560814778e+02 1.058703174885846043e-04
8.810488730080146524e+02 1.023002028753238195e-04
8.912509381337458763e+02 9.885047817544129070e-05
9.015711376059570057e+02 9.551708365057790646e-05
9.120108393559096385e+02 9.229609646317493016e-05
9.225714271547628869e+02 8.918372605996295556e-05
9.332543007969904920e+02 8.617630971112592289e-05
9.440608762859245644e+02 8.327030819989185732e-05
9.549925860214368640e+02 8.046230165747986869e-05
9.660508789898141231e+02 7.774898553849335890e-05
9.772372209558111535e+02 7.512716673203578507e-05
9.885530946569390380e+02 7.259375980396228813e-05
1.000000000000000000e+03 7.014578336584835841e-05
1.011579454259900331e+03 6.778035656640471669e-05
1.023292992280753651e+03 6.549469570120692284e-05
1.035142166679345110e+03 6.328611093674525376e-05
1.047128548050898416e+03 6.115200314495512150e-05
1.059253725177289652e+03 5.908986084447916538e-05
1.071519305237604840e+03 5.709725724508826707e-05
1.083926914021203856e+03 5.517184739175688631e-05
1.096478196143187233e+03 5.331136540505467577e-05
1.109174815262400898e+03 5.151362181459096028e-05
1.122018454301965221e+03 4.977650098237906140e-05
1.135010815672314266e+03 4.809795861309490645e-05
1.148153621496884170e+03 4.647601934828461884e-05
1.161448613840341523e+03 4.490877444170940125e-05
1.174897554939530210e+03 4.339437951307127661e-05
1.188502227437016472e+03 4.193105237749636497e-05
1.202264434617413144e+03 4.051707094820214573e-05
1.216186000646370303e+03 3.915077120989887612e-05
1.230268770812381035e+03 3.783054526052497240e-05
1.244514611771386853e+03 3.655483941901926172e-05
1.258925411794166166e+03 3.532215239690561975e-05
1.273503081016662918e+03 3.413103353152921308e-05
1.288249551693132389e+03 3.298008107887656957e-05
1.303166778452299923e+03 3.186794056395894393e-05
1.318256738556410028e+03 3.079330318682806865e-05
1.333521432163324107e+03 2.975490428234086172e-05
1.348962882591656125e+03 2.875152183186278185e-05
1.364583136588923935e+03 2.778197502516248005e-05
1.380384264602886560e+03 2.684512287079637361e-05
1.396368361055936248e+03 2.593986285335913631e-05
1.412537544622755377e+03 2.506512963600794378e-05
1.428893958511100664e+03 2.421989380674519307e-05
1.445439770745927945e+03 2.340316066697321467e-05
1.462177174456721332e+03 2.261396906090590325e-05
1.479108388168207284e+03 2.185139024445090813e-05
1.496235656094435853e+03 2.111452679223532335e-05
1.513561248436207279e+03 2.040251154149075156e-05
1.531087461682031972e+03 1.971450657154847342e-05
1.548816618912479498e+03 1.904970221775126297e-05
1.566751070108150088e+03 1.840731611861435655e-05
1.584893192461110857e+03 1.778659229512100521e-05
1.603245390690041859e+03 1.718680026106210649e-05
1.621810097358933263e+03 1.660723416337996918e-05
1.640589773199538740e+03 1.604721195149880935e-05
1.659586907437563013e+03 1.550607457466671738e-05
1.678804018122559000e+03 1.498318520636671601e-05
1.698243652461746024e+03 1.447792849487887136e-05
1.717908387157585821e+03 1.398970983911752146e-05
1.737800828749376251e+03 1.351795468888563728e-05
1.757923613958696706e+03 1.306210786872845512e-05
1.778279410038922833e+03 1.262163292458599179e-05
1.798870915128791012e+03 1.219601149247733564e-05
1.819700858609982561e+03 1.178474268847585111e-05
1.840772001468958251e+03 1.138734251925286727e-05
1.862087136662865532e+03 1.100334331250098415e-05
1.883649089489802009e+03 1.063229316656249915e-05
1.905460717963244406e+03 1.027375541861904266e-05
1.927524913190936559e+03 9.927308130812965566e-06
1.949844599758049526e+03 9.592543593699088595e-06
1.972422736114853478e+03 9.269067846439753617e-06
1.995262314968882947e+03 8.956500213179798369e-06
2.018366363681559733e+03 8.654472855056566765e-06
2.041737944669531771e+03 8.362630337315503281e-06
2.065380155810526958e+03 8.080629211024721034e-06
2.089296130854040712e+03 7.808137608893279982e-06
2.113489039836643315e+03 7.544834854720795996e-06
2.137962089502232629e+03 7.290411086015376494e-06
2.162718523727024603e+03 7.044566889338874933e-06
2.187761623949551904e+03 6.807012947947961861e-06
2.213094709605641128e+03 6.577469701317470717e-06
2.238721138568337665e+03 6.355667016145755500e-06
2.264644307593061967e+03 6.141343868453165448e-06
2.290867652767769869e+03 5.934248036401975631e-06
2.317394649968479825e+03 5.734135803473585692e-06
2.344228815319927435e+03 5.540771671656237720e-06
2.371373705661655094e+03 5.353928084303709080e-06
2.398832919019494966e+03 5.173385158339726323e-06
2.426610095082414318e+03 4.998930425493518078e-06
2.454708915685033389e+03 4.830358582260335842e-06
2.483133105295567930e+03 4.667471248294664643e-06
2.511886431509582053e+03 4.510076732949867095e-06
2.540972705549301281e+03 4.357989809691446777e-06
2.570395782768864592e+03 4.211031498116515857e-06
2.600159563165277632e+03 4.069028853324673528e-06
2.630267991895381329e+03 3.931814762391208271e-06
2.660725059798814073e+03 3.799227747703503155e-06
2.691534803926913810e+03 3.671111776929706578e-06
2.722701308077915655e+03 3.547316079394870555e-06
2.754228703338163086e+03 3.427694968649948900e-06
2.786121168629772001e+03 3.312107671023306534e-06
2.818382931264449326e+03 3.200418159954377650e-06
2.851018267503909556e+03 3.092494995913307969e-06
2.884031503126611824e+03 2.988211171719243212e-06
2.917427014001165844e+03 2.887443963074447846e-06
2.951209226666389895e+03 2.790074784138554458e-06
2.985382618917957188e+03 2.695989047973495681e-06
3.019951720402018964e+03 2.605076031693918434e-06
3.054921113215509195e+03 2.517228746165486626e-06
3.090295432513592004e+03 2.432343810096631939e-06
3.126079367123962129e+03 2.350321328376592587e-06
3.162277660168379498e+03 2.271064774515780029e-06
3.198895109691403832e+03 2.194480877050497456e-06
3.235936569296281050e+03 2.120479509778469401e-06
3.273406948788386217e+03 2.048973585695470369e-06
3.311311214825907882e+03 1.979878954508933799e-06
3.349654391578279501e+03 1.913114303607194564e-06
3.388441561392020503e+03 1.848601062368616256e-06
3.427677865464504521e+03 1.786263309697150197e-06
3.467368504525323715e+03 1.726027684676278643e-06
3.507518739525679393e+03 1.667823300235670157e-06
3.548133892335760265e+03 1.611581659729097180e-06
3.589219346450049670e+03 1.557236576325696457e-06
3.630780547701017440e+03 1.504724095119191745e-06
3.672823004980842597e+03 1.453982417864000533e-06
3.715352290971727598e+03 1.404951830249095726e-06
3.758374042884450773e+03 1.357574631624545890e-06
3.801893963205612636e+03 1.311795067097628044e-06
3.845917820453543300e+03 1.267559261918760831e-06
3.890451449942804629e+03 1.224815158080234816e-06
3.935500754557780510e+03 1.183512453052660190e-06
3.981071705534969169e+03 1.143602540587584054e-06
4.027170343254595082e+03 1.105038453516104640e-06
4.073802778041122110e+03 1.067774808476616396e-06
4.120975190973304052e+03 1.031767752506220061e-06
4.168693834703363791e+03 9.969749114333499837e-07
4.216965034285822185e+03 9.633553400105510150e-07
4.265795188015934400e+03 9.308694737288453458e-07
4.315190768277650022e+03 8.994790822571731360e-07
4.365158322401665828e+03 8.691472244516479855e-07
4.415704473533121018e+03 8.398382048822648375e-07
4.466835921509635227e+03 8.115175318253545623e-07
4.518559443749217280e+03 7.841518766727734609e-07
4.570881896148751366e+03 7.577090347097472399e-07
4.623810213992613171e+03 7.321578872154614360e-07
4.677351412871980756e+03 7.074683648416040114e-07
4.731512589614812896e+03 6.836114122258369882e-07
4.786300923226380291e+03 6.605589537986487783e-07
4.841723675840999022e+03 6.382838607431122699e-07
4.897788193684456019e+03 6.167599190689684360e-07
4.954501908047905090e+03 5.959617987631562590e-07
5.011872336272735083e+03 5.758650239807485653e-07
5.069907082747044115e+03 5.564459442410376120e-07
5.128613839913658921e+03 5.376817065949264836e-07
5.188000389289609302e+03 5.195502287309404612e-07
5.248074602497733395e+03 5.020301729880671008e-07
5.308844442309879014e+03 4.851009212450022437e-07
5.370317963702532325e+03 4.687425506560953488e-07
5.432503314924325423e+03 4.529358102055950389e-07
5.495408738576248652e+03 4.376620980524329309e-07
5.559042572704048325e+03 4.229034396390750721e-07
5.623413251903491073e+03 4.086424665385038799e-07
5.688529308438424778e+03 3.948623960145286660e-07
5.754399373371566071e+03 3.815470112713916679e-07
5.821032177708721974e+03 3.686806423693325066e-07
5.888436553555883620e+03 3.562481477837657589e-07
5.956621435290109730e+03 3.442348965862582687e-07
6.025595860743568664e+03 3.326267512264475893e-07
6.095368972401694009e+03 3.214100508945217305e-07
6.165950018614834335e+03 3.105715954448019053e-07
6.237348354824191119e+03 3.000986298614080462e-07
6.309573444801942969e+03 2.899788292477606250e-07
6.382634861905482467e+03 2.802002843223119768e-07
6.456542290346562368e+03 2.707514874033169150e-07
6.531305526474716316e+03 2.616213188662776940e-07
6.606934480075964530e+03 2.527990340580168106e-07
6.683439175686162343e+03 2.442742506520703293e-07
6.760829753919818359e+03 2.360369364304498261e-07
6.839116472814306690e+03 2.280773974774214343e-07
6.918309709189362366e+03 2.203862667714398999e-07
6.998419960022745727e+03 2.129544931617326601e-07
7.079457843841373688e+03 2.057733307166680436e-07
7.161434102129027451e+03 1.988343284312510665e-07
7.244359600749890888e+03 1.921293202817593512e-07
7.328245331389044622e+03 1.856504156157002767e-07
7.413102413009191878e+03 1.793899898658752548e-07
7.498942093324558300e+03 1.733406755775536792e-07
7.585775750291851182e+03 1.674953537382307334e-07
7.673614893618185306e+03 1.618471453997737198e-07
7.762471166286927655e+03 1.563894035830579527e-07
7.852356346100709743e+03 1.511157054556191315e-07
7.943282347242821743e+03 1.460198447730569243e-07
8.035261221856160773e+03 1.410958245753606341e-07
8.128305161640994811e+03 1.363378501294918011e-07
8.222426499470728231e+03 1.317403221099839630e-07
8.317637711026709439e+03 1.272978300094835114e-07
8.413951416451964178e+03 1.230051457715018334e-07
8.511380382023759012e+03 1.188572176378923564e-07
8.609937521846015443e+03 1.148491642037802032e-07
8.709635899560797043e+03 1.109762686729918501e-07
8.810488730080147434e+03 1.072339733071788150e-07
8.912509381337476952e+03 1.036178740621441088e-07
9.015711376059571194e+03 1.001237154050295847e-07
9.120108393559115939e+03 9.674738530627350131e-08
9.225714271547629323e+03 9.348491040046331798e-08
9.332543007969923565e+03 9.033245131034904632e-08
9.440608762859226772e+03 8.728629812856147017e-08
9.549925860214369095e+03 2.254800413894508396e-46
9.660508789898121904e+03 5.818768503989370437e-85
9.772372209558112445e+03 1.501599285393562773e-123
9.885530946569411753e+03 3.875047464679906706e-162
1.000000000000000000e+04 9.999999999999779358e-201
