1.000000000000000082e-05 2.000000000000000000e+00
1.011579454259898326e-05 2.000000000000000000e+00
1.023292992280753645e-05 2.000000000000000000e+00
1.035142166679343115e-05 2.000000000000000000e+00
1.047128548050898535e-05 2.000000000000000000e+00
1.059253725177289675e-05 2.000000000000000000e+00
1.071519305237607005e-05 2.000000000000000000e+00
1.083926914021203860e-05 2.000000000000000000e+00
1.096478196143185184e-05 2.000000000000000000e+00
1.109174815262400939e-05 2.000000000000000000e+00
1.122018454301963009e-05 2.000000000000000000e+00
1.135010815672314370e-05 2.000000000000000000e+00
1.148153621496881719e-05 2.000000000000000000e+00
1.161448613840343739e-05 2.000000000000000000e+00
1.174897554939530245e-05 2.000000000000000000e+00
1.188502227437018965e-05 2.000000000000000000e+00
1.202264434617413179e-05 2.000000000000000000e+00
1.216186000646367976e-05 2.000000000000000000e+00
1.230268770812381065e-05 2.000000000000000000e+00
1.244514611771384376e-05 2.000000000000000000e+00
1.258925411794166114e-05 2.000000000000000000e+00
1.273503081016662895e-05 2.000000000000000000e+00
1.288249551693134845e-05 2.000000000000000000e+00
1.303166778452300062e-05 2.000000000000000000e+00
1.318256738556407435e-05 2.000000000000000000e+00
1.333521432163324055e-05 2.000000000000000000e+00
1.348962882591653310e-05 2.000000000000000000e+00
1.364583136588923809e-05 2.000000000000000000e+00
1.380384264602883871e-05 2.000000000000000000e+00
1.396368361055936306e-05 2.000000000000000000e+00
1.412537544622755495e-05 2.000000000000000000e+00
1.428893958511103715e-05 2.000000000000000000e+00
1.445439770745928020e-05 2.000000000000000000e+00
1.462177174456718376e-05 2.000000000000000000e+00
1.479108388168207160e-05 2.000000000000000000e+00
1.496235656094432745e-05 2.000000000000000000e+00
1.513561248436207138e-05 2.000000000000000000e+00
1.531087461682028667e-05 2.000000000000000000e+00
1.548816618912482752e-05 2.000000000000000000e+00
1.566751070108150245e-05 2.000000000000000000e+00
1.584893192461114123e-05 2.000000000000000000e+00
1.603245390690041688e-05 2.000000000000000000e+00
1.621810097358929842e-05 2.000000000000000000e+00
1.640589773199538679e-05 2.000000000000000000e+00
1.659586907437559817e-05 2.000000000000000000e+00
1.678804018122558774e-05 2.000000000000000000e+00
1.698243652461745923e-05 2.000000000000000000e+00
1.717908387157589264e-05 2.000000000000000000e+00
1.737800828749376387e-05 2.000000000000000000e+00
1.757923613958693124e-05 2.000000000000000000e+00
1.778279410038922901e-05 2.000000000000000000e+00
1.798870915128787440e-05 2.000000000000000000e+00
1.819700858609982710e-05 2.000000000000000000e+00
1.840772001468954488e-05 2.000000000000000000e+00
1.862087136662865725e-05 2.000000000000000000e+00
1.883649089489802114e-05 2.000000000000000000e+00
1.905460717963248412e-05 2.000000000000000000e+00
1.927524913190936795e-05 2.000000000000000000e+00
1.949844599758045584e-05 2.000000000000000000e+00
1.972422736114853360e-05 2.000000000000000000e+00
1.995262314968878622e-05 2.000000000000000000e+00
2.018366363681559553e-05 2.000000000000000000e+00
2.041737944669527402e-05 2.000000000000000000e+00
2.065380155810531105e-05 2.000000000000000000e+00
2.089296130854040908e-05 2.000000000000000000e+00
2.113489039836647556e-05 2.000000000000000000e+00
2.137962089502232305e-05 2.000000000000000000e+00
2.162718523727020259e-05 2.000000000000000000e+00
2.187761623949551905e-05 2.000000000000000000e+00
2.213094709605636570e-05 2.000000000000000000e+00
2.238721138568337924e-05 2.000000000000000000e+00
2.264644307593062007e-05 2.000000000000000000e+00
2.290867652767774899e-05 2.000000000000000000e+00
2.317394649968479773e-05 2.000000000000000000e+00
2.344228815319922862e-05 2.000000000000000000e+00
2.371373705661655382e-05 2.000000000000000000e+00
2.398832919019490032e-05 2.000000000000000000e+00
2.426610095082414433e-05 2.000000000000000000e+00
2.454708915685028560e-05 2.000000000000000000e+00
2.483133105295567863e-05 2.000000000000000000e+00
2.511886431509582188e-05 2.000000000000000000e+00
2.540972705549306423e-05 2.000000000000000000e+00
2.570395782768864488e-05 2.000000000000000000e+00
2.600159563165272119e-05 2.000000000000000000e+00
2.630267991895381412e-05 2.000000000000000000e+00
2.660725059798808471e-05 2.000000000000000000e+00
2.691534803926913955e-05 2.000000000000000000e+00
2.722701308077910045e-05 2.000000000000000000e+00
2.754228703338169041e-05 2.000000000000000000e+00
2.786121168629772233e-05 2.000000000000000000e+00
2.818382931264454874e-05 2.000000000000000000e+00
2.851018267503909666e-05 2.000373364104510721e+00
2.884031503126605625e-05 2.000380363952747764e+00
2.917427014001166028e-05 2.000387363813425079e+00
2.951209226666384047e-05 2.000394363686541777e+00
2.985382618917957053e-05 2.000401363572099189e+00
3.019951720402019201e-05 2.000408363470096429e+00
3.054921113215515677e-05 2.000415363380533940e+00
3.090295432513592063e-05 2.000422363303411721e+00
3.126079367123955807e-05 2.000429363238728442e+00
3.162277660168379530e-05 2.000436363186486322e+00
3.198895109691397344e-05 2.000459361357819876e+00
3.235936569296280900e-05 2.000482360691693273e+00
3.273406948788379215e-05 2.000505360159862800e+00
3.311311214825907629e-05 2.000528359762329345e+00
3.349654391578279437e-05 2.000551359499094239e+00
3.388441561392027603e-05 2.000574359370157040e+00
3.427677865464504953e-05 2.000597359375520856e+00
3.467368504525316757e-05 2.000620359515183466e+00
3.507518739525679514e-05 2.000643359789147535e+00
3.548133892335753357e-05 2.000666360197413063e+00
3.589219346450049739e-05 2.000765339488886685e+00
3.630780547701017389e-05 2.000864332629664233e+00
3.672823004980849907e-05 2.000963328258211327e+00
3.715352290971727777e-05 2.001062326374589695e+00
3.758374042884443292e-05 2.001161326978861510e+00
3.801893963205612366e-05 2.001260330071088944e+00
3.845917820453535562e-05 2.001359335651336391e+00
3.890451449942804570e-05 2.001458343719664690e+00
3.935500754557772038e-05 2.001557354276136458e+00
3.981071705534969458e-05 2.001656370741920377e+00
4.027170343254595077e-05 2.001847326864097720e+00
4.073802778041130123e-05 2.002038292241111517e+00
4.120975190973304229e-05 2.002229266873410296e+00
4.168693834703355189e-05 2.002420250761442588e+00
4.216965034285822237e-05 2.002611243905656924e+00
4.265795188015925705e-05 2.002802246306501832e+00
4.315190768277650291e-05 2.002993257964426288e+00
4.365158322401656619e-05 2.003184278879877933e+00
4.415704473533120706e-05 2.003375309053306630e+00
4.466835921509634821e-05 2.003566348485161352e+00
4.518559443749225985e-05 2.004343621182802515e+00
4.570881896148751641e-05 2.005121093651852426e+00
4.623810213992603376e-05 2.005898719432675392e+00
4.677351412871980936e-05 2.006676498555503230e+00
4.731512589614802946e-05 2.007454431050573973e+00
4.786300923226380360e-05 2.008232516948130986e+00
4.841723675840999030e-05 2.009010756278425180e+00
4.897788193684466258e-05 2.009789149071711467e+00
4.954501908047905277e-05 2.010567695358251861e+00
5.011872336272725140e-05 2.011264802704259225e+00
5.069907082747044530e-05 2.012858905959861389e+00
5.128613839913648091e-05 2.014453652595647348e+00
5.188000389289609457e-05 2.016049042871286279e+00
5.248074602497723268e-05 2.017645077046551716e+00
5.308844442309878999e-05 2.019241755381320225e+00
5.370317963702532456e-05 2.020839078135574951e+00
5.432503314924335916e-05 2.022437045569403846e+00
5.495408738576248114e-05 2.024020314048552649e+00
5.559042572704037339e-05 2.025591368237931178e+00
5.623413251903490700e-05 2.027163144743148404e+00
5.688529308438412916e-05 2.030274686345302726e+00
5.754399373371566406e-05 2.033388713366353961e+00
5.821032177708709908e-05 2.036265053724918950e+00
5.888436553555884004e-05 2.039096139171060251e+00
5.956621435290109591e-05 2.041929664812180079e+00
6.025595860743580595e-05 2.044765632612656425e+00
6.095368972401693823e-05 2.047604161489973151e+00
6.165950018614822423e-05 2.050445827924081144e+00
6.237348354824191440e-05 2.053289942683329095e+00
6.309573444801929300e-05 2.056136507738411723e+00
6.382634861905482951e-05 2.061457735712987294e+00
6.456542290346562666e-05 2.066641519413200179e+00
6.531305526474728992e-05 2.071658768793561922e+00
6.606934480075964729e-05 2.076683782329263650e+00
6.683439175686149280e-05 2.081716571195294740e+00
6.760829753919818874e-05 2.086757146582478128e+00
6.839116472814292665e-05 2.091550352288034986e+00
6.918309709189362545e-05 2.096282291496874173e+00
6.998419960022730989e-05 2.101021784578823937e+00
7.079457843841373125e-05 2.105768842621944081e+00
7.161434102129027670e-05 2.113995251590172764e+00
7.244359600749906167e-05 2.121847645604841404e+00
7.328245331389044727e-05 2.129720174990685777e+00
7.413102413009176311e-05 2.137612887326636901e+00
7.498942093324558562e-05 2.145525830301415304e+00
7.585775750291835827e-05 2.153211216493488234e+00
7.673614893618186056e-05 2.160694764702554060e+00
7.762471166286911170e-05 2.168197888283564190e+00
7.852356346100710760e-05 2.175720634341298698e+00
7.943282347242822084e-05 2.183263168181798441e+00
8.035261221856176798e-05 2.194658631454329267e+00
8.128305161640994537e-05 2.206052658116438803e+00
8.222426499470711716e-05 2.217490854636161579e+00
8.317637711026709040e-05 2.228973378611265765e+00
8.413951416451947497e-05 2.240234168635418577e+00
8.511380382023759500e-05 2.251163635074078684e+00
8.609937521846016068e-05 2.262135910911101888e+00
8.709635899560813719e-05 2.273151151276243898e+00
8.810488730080147271e-05 2.284209511842759888e+00
8.912509381337458780e-05 2.294076162253780637e+00
9.015711376059570837e-05 2.309455794457629274e+00
9.120108393559096371e-05 2.324918650839416401e+00
9.225714271547628552e-05 2.340465114669737723e+00
9.332543007969904577e-05 2.355614761390815382e+00
9.440608762859226599e-05 2.370398982900616236e+00
9.549925860214368827e-05 2.385263209476112145e+00
9.660508789898140220e-05 2.400207846857585814e+00
9.772372209558110971e-05 2.414519588941124173e+00
9.885530946569390319e-05 2.428267819072814859e+00
1.000000000000000048e-04 2.442089061305139364e+00
1.011579454259898224e-04 2.461790722867939429e+00
1.023292992280753577e-04 2.480813962500568959e+00
1.035142166679344064e-04 2.499969378107765205e+00
1.047128548050899619e-04 2.518724222525144274e+00
1.059253725177288624e-04 2.537094808508578048e+00
1.071519305237606971e-04 2.555508496665023443e+00
1.083926914021203860e-04 2.573145972264599290e+00
1.096478196143185150e-04 2.590900111972889608e+00
1.109174815262400872e-04 2.608733651061504233e+00
1.122018454301963009e-04 2.626686149336746379e+00
1.135010815672314268e-04 2.648786317101988530e+00
1.148153621496882939e-04 2.671005428907446966e+00
1.161448613840342553e-04 2.693343541430953003e+00
1.174897554939530279e-04 2.715861522675267370e+00
1.188502227437018897e-04 2.736385079006844023e+00
1.202264434617413111e-04 2.757042759558544720e+00
1.216186000646367874e-04 2.778633163826466301e+00
1.230268770812381065e-04 2.800266857003108179e+00
1.244514611771384478e-04 2.820272078634407542e+00
1.258925411794167436e-04 2.840314385447537227e+00
1.273503081016661743e-04 2.865199570110435801e+00
1.288249551693135015e-04 2.890293495901382403e+00
1.303166778452300096e-04 2.914954293601835111e+00
1.318256738556407401e-04 2.938148300667929647e+00
1.333521432163323954e-04 2.963700948922627365e+00
1.348962882591653344e-04 2.986687230426170903e+00
1.364583136588923978e-04 3.008873035247871197e+00
1.380384264602885192e-04 3.031121210424761347e+00
1.396368361055937797e-04 3.053433850769689872e+00
1.412537544622755427e-04 3.075780968870904797e+00
1.428893958511103749e-04 3.101029891588318321e+00
1.445439770745927987e-04 3.126378121415722688e+00
1.462177174456718274e-04 3.151826186682622488e+00
1.479108388168207295e-04 3.177103138205963795e+00
1.496235656094432745e-04 3.201290447975440046e+00
1.513561248436207172e-04 3.225502464124298196e+00
1.531087461682030428e-04 3.250922599575109206e+00
1.548816618912481058e-04 3.275879149765050347e+00
1.566751070108150041e-04 3.300231286467891323e+00
1.584893192461114190e-04 3.324610633486222433e+00
1.603245390690041892e-04 3.348773221928258881e+00
1.621810097358929842e-04 3.376050884794831397e+00
1.640589773199538815e-04 3.402292713421082748e+00
1.659586907437559614e-04 3.427291114939524430e+00
1.678804018122560739e-04 3.451544322119952657e+00
1.698243652461744297e-04 3.476074872735382737e+00
1.717908387157589332e-04 3.502062516876511822e+00
1.737800828749376319e-04 3.529723260573351062e+00
1.757923613958693124e-04 3.556217374759991667e+00
1.778279410038922698e-04 3.583279410255198805e+00
1.798870915128787304e-04 3.607015501077004416e+00
1.819700858609982642e-04 3.630257751327214955e+00
1.840772001468956318e-04 3.658192071957868219e+00
1.862087136662867555e-04 3.682933504491915588e+00
1.883649089489802114e-04 3.707358421239075330e+00
1.905460717963248141e-04 3.732383488251672432e+00
1.927524913190936727e-04 3.759897743775296064e+00
1.949844599758045584e-04 3.787805027341952790e+00
1.972422736114853360e-04 3.816326174326698961e+00
1.995262314968878758e-04 3.845756173104556197e+00
2.018366363681559756e-04 3.868393500751440062e+00
2.041737944669529570e-04 3.891018332590167716e+00
2.065380155810529208e-04 3.913669514254217940e+00
2.089296130854040908e-04 3.936271901804472950e+00
2.113489039836647623e-04 3.958922868399377570e+00
2.137962089502232373e-04 3.983805419687139526e+00
2.162718523727020191e-04 4.009198111804565201e+00
2.187761623949551837e-04 4.034554166570945455e+00
2.213094709605636435e-04 4.060203298403825656e+00
2.238721138568339957e-04 4.088392331989208373e+00
2.264644307593059432e-04 4.108157746370171282e+00
2.290867652767774763e-04 4.130209775551138662e+00
2.317394649968479773e-04 4.151706603814917962e+00
2.344228815319922591e-04 4.170113902137295270e+00
2.371373705661655382e-04 4.189992489279424248e+00
2.398832919019489897e-04 4.213961022776016918e+00
2.426610095082414433e-04 4.237761797971510092e+00
2.454708915685031270e-04 4.260930406370777135e+00
2.483133105295570438e-04 4.284899727940227443e+00
2.511886431509582256e-04 4.310441529316414666e+00
2.540972705549306219e-04 4.327469749183738834e+00
2.570395782768864759e-04 4.345209142462823415e+00
2.600159563165272119e-04 4.363011862497633508e+00
2.630267991895381412e-04 4.382268344969475038e+00
2.660725059798808335e-04 4.402291958374275005e+00
2.691534803926913955e-04 4.422395168228946183e+00
2.722701308077912687e-04 4.442567059092565884e+00
2.754228703338166195e-04 4.462828087661683263e+00
2.786121168629772165e-04 4.484409032473828383e+00
2.818382931264455009e-04 4.506866235121212760e+00
2.851018267503909734e-04 4.521304977355218746e+00
2.884031503126605490e-04 4.537441474940750119e+00
2.917427014001165893e-04 4.553844138890777771e+00
2.951209226666384115e-04 4.570302983644484840e+00
2.985382618917960034e-04 4.587306868833930906e+00
3.019951720402015813e-04 4.604507238278523040e+00
3.054921113215515677e-04 4.621770253314966936e+00
3.090295432513592063e-04 4.639835258594213308e+00
3.126079367123955942e-04 4.659523785422012843e+00
3.162277660168379394e-04 4.679295832982071524e+00
3.198895109691397344e-04 4.691840306833465313e+00
3.235936569296281036e-04 4.705356000509348213e+00
3.273406948788383009e-04 4.719121276163918743e+00
3.311311214825911017e-04 4.732924734442683246e+00
3.349654391578279437e-04 4.746766471875194959e+00
3.388441561392027332e-04 4.762157882027351796e+00
3.427677865464504817e-04 4.777708848731855973e+00
3.467368504525316893e-04 4.793310445365875694e+00
3.507518739525679243e-04 4.808962836210876723e+00
3.548133892335753221e-04 4.825554079580483879e+00
3.589219346450050010e-04 4.836393016635551767e+00
3.630780547701014001e-04 4.847254034295112035e+00
3.672823004980846112e-04 4.858137168673590800e+00
3.715352290971728048e-04 4.869518960595684121e+00
3.758374042884443157e-04 4.881828722466424963e+00
3.801893963205612366e-04 4.894169215917449023e+00
3.845917820453535426e-04 4.906540516449675593e+00
3.890451449942804976e-04 4.918946098559815461e+00
3.935500754557772580e-04 4.932768649977341546e+00
3.981071705534973523e-04 4.946629792005950321e+00
4.027170343254590605e-04 4.955707491155712852e+00
4.073802778041130395e-04 4.964800293558347732e+00
4.120975190973304365e-04 4.974478239238488975e+00
4.168693834703355054e-04 4.984517896994765884e+00
4.216965034285822373e-04 4.994577372564583229e+00
4.265795188015925705e-04 5.004656703867614631e+00
4.315190768277650155e-04 5.015179627399522388e+00
4.365158322401661091e-04 5.027196577289447355e+00
4.415704473533125043e-04 5.039242030746973633e+00
4.466835921509634821e-04 5.051316054826854085e+00
4.518559443749226392e-04 5.059118216131569312e+00
4.570881896148752048e-04 5.067276984374305293e+00
4.623810213992603376e-04 5.075548410977726910e+00
4.677351412871981343e-04 5.083833070372491214e+00
4.731512589614802946e-04 5.092130983149321111e+00
4.786300923226380496e-04 5.100664805112826272e+00
4.841723675840993880e-04 5.109692534103770001e+00
4.897788193684460972e-04 5.118736235524917966e+00
4.954501908047905141e-04 5.127795937624910039e+00
5.011872336272725275e-04 5.136871521396154883e+00
5.069907082747044259e-04 5.143925329733567864e+00
5.128613839913648362e-04 5.151292705339368005e+00
5.188000389289610000e-04 5.158670632851508842e+00
5.248074602497722861e-04 5.166059127382933269e+00
5.308844442309884962e-04 5.173298492166538587e+00
5.370317963702527170e-04 5.180203153283318152e+00
5.432503314924336593e-04 5.187116928923917847e+00
5.495408738576247707e-04 5.194039830953792958e+00
5.559042572704037339e-04 5.200971871253581291e+00
5.623413251903490971e-04 5.209266711661733495e+00
5.688529308438413593e-04 5.214887454765492869e+00
5.754399373371566406e-04 5.220514225587105983e+00
5.821032177708715871e-04 5.226147030543923933e+00
5.888436553555889425e-04 5.231843456378983959e+00
5.956621435290109998e-04 5.237717516578102028e+00
6.025595860743581137e-04 5.243598169393101749e+00
6.095368972401693551e-04 5.249485422220144137e+00
6.165950018614822694e-04 5.255379282463668922e+00
6.237348354824191711e-04 5.261608533794190912e+00
6.309573444801929842e-04 5.267991429795416458e+00
6.382634861905482409e-04 5.272119137007872602e+00
6.456542290346555619e-04 5.276249880252398938e+00
6.531305526474723028e-04 5.280470168236957029e+00
6.606934480075964729e-04 5.285324793982518088e+00
6.683439175686149009e-04 5.290183882851484221e+00
6.760829753919818602e-04 5.295047438947056762e+00
6.839116472814292394e-04 5.299915466376203810e+00
6.918309709189362274e-04 5.304912351812622440e+00
6.998419960022730446e-04 5.310023871025246756e+00
7.079457843841380172e-04 5.315140294465892978e+00
7.161434102129019810e-04 5.318357762433531200e+00
7.244359600749905896e-04 5.321576939301571052e+00
7.328245331389044185e-04 5.325696208157531863e+00
7.413102413009177395e-04 5.329880576109878199e+00
7.498942093324558562e-04 5.334068206310748295e+00
7.585775750291835285e-04 5.338259101287117225e+00
7.673614893618185785e-04 5.342453121204737698e+00
7.762471166286919301e-04 5.346650101956058165e+00
7.852356346100718620e-04 5.350850354455133129e+00
7.943282347242821813e-04 5.355053839489588796e+00
8.035261221856176798e-04 5.357633093918968470e+00
8.128305161640994808e-04 5.360545879158827631e+00
8.222426499470712529e-04 5.363605601878788320e+00
8.317637711026708769e-04 5.366667069499764686e+00
8.413951416451946955e-04 5.369730283015901051e+00
8.511380382023759229e-04 5.372795059050272215e+00
8.609937521846007394e-04 5.375858879440755800e+00
8.709635899560805045e-04 5.378924445274073207e+00
8.810488730080146729e-04 5.381991757543562294e+00
8.912509381337459322e-04 5.385060817243128461e+00
9.015711376059570023e-04 5.386979214168532870e+00
9.120108393559096371e-04 5.389170674683270157e+00
9.225714271547629094e-04 5.391363001990848502e+00
9.332543007969905120e-04 5.393556196420213666e+00
9.440608762859235272e-04 5.395750258300443747e+00
9.549925860214359069e-04 5.398325473417038722e+00
9.660508789898140762e-04 5.401004315209596562e+00
9.772372209558110971e-04 5.403684467012534576e+00
9.885530946569390590e-04 5.406365929459203912e+00
1.000000000000000021e-03 5.409080568434176506e+00
1.011579454259898224e-03 5.410918946653159090e+00
1.023292992280754607e-03 5.412757948061631019e+00
1.035142166679344118e-03 5.414597572870237130e+00
1.047128548050899619e-03 5.416437821289688870e+00
1.059253725177288679e-03 5.418163651940774095e+00
1.071519305237607052e-03 5.419759728806750942e+00
1.083926914021203806e-03 5.421356239504278918e+00
1.096478196143185150e-03 5.422953184133410431e+00
1.109174815262400872e-03 5.424550562794215658e+00
1.122018454301963036e-03 5.426541925991905657e+00
1.135010815672315380e-03 5.427853996215746157e+00
1.148153621496882885e-03 5.429166275484671900e+00
1.161448613840342526e-03 5.430478856068624793e+00
1.174897554939529059e-03 5.431826284196384691e+00
1.188502227437019006e-03 5.433379280558203739e+00
1.202264434617413003e-03 5.434932720517449134e+00
1.216186000646367902e-03 5.436486604200712947e+00
1.230268770812381228e-03 5.438040931734629879e+00
1.244514611771385670e-03 5.439708220513819192e+00
1.258925411794167490e-03 5.441503107022355401e+00
1.273503081016661527e-03 5.442920929984270018e+00
1.288249551693133660e-03 5.444339119511598213e+00
1.303166778452299933e-03 5.445757675698494893e+00
1.318256738556407509e-03 5.446796139289480365e+00
1.333521432163324062e-03 5.447732693177441021e+00
1.348962882591653182e-03 5.448669349803939355e+00
1.364583136588925225e-03 5.449606109153775968e+00
1.380384264602885300e-03 5.450687906738658661e+00
1.396368361055937580e-03 5.452833539674110774e+00
1.412537544622753964e-03 5.454979770634278857e+00
1.428893958511103695e-03 5.456721282194949119e+00
1.445439770745927987e-03 5.458463147989766284e+00
1.462177174456718220e-03 5.459899823538986396e+00
1.479108388168207241e-03 5.460915551890370701e+00
1.496235656094434263e-03 5.461931464454373497e+00
1.513561248436208744e-03 5.462947561263200136e+00
1.531087461682030266e-03 5.463963842349063071e+00
1.548816618912481112e-03 5.464979985374404770e+00
1.566751070108148578e-03 5.465996199101245345e+00
1.584893192461114082e-03 5.467012519342149268e+00
1.603245390690041837e-03 5.467585143506545897e+00
1.621810097358929734e-03 5.468228799364356796e+00
1.640589773199538706e-03 5.470008027032013054e+00
1.659586907437561295e-03 5.471787549015723506e+00
1.678804018122560630e-03 5.473567365364169213e+00
1.698243652461744243e-03 5.475347476126054325e+00
1.717908387157587652e-03 5.476710129990446596e+00
1.737800828749376265e-03 5.477287167514288235e+00
1.757923613958693124e-03 5.477864225625965311e+00
1.778279410038922752e-03 5.478441304311845172e+00
1.798870915128787358e-03 5.478596077596452396e+00
1.819700858609984376e-03 5.478586720901548190e+00
1.840772001468956318e-03 5.478494981976075984e+00
1.862087136662867555e-03 5.478403016786230317e+00
1.883649089489800163e-03 5.478310825244604665e+00
1.905460717963248195e-03 5.478218407263769407e+00
1.927524913190936618e-03 5.479328943581048605e+00
1.949844599758045584e-03 5.480449906888137157e+00
1.972422736114853251e-03 5.481571031069041311e+00
1.995262314968880655e-03 5.482692274695574852e+00
2.018366363681561599e-03 5.483470876243673686e+00
2.041737944669529733e-03 5.484420578103353705e+00
2.065380155810529316e-03 5.485370363593499832e+00
2.089296130854038577e-03 5.486320232721473289e+00
2.113489039836647515e-03 5.487270185494640629e+00
2.137962089502232644e-03 5.488220221920366626e+00
2.162718523727020191e-03 5.489170342006019609e+00
2.187761623949552054e-03 5.490120545758969683e+00
2.213094709605638657e-03 5.491070833186574518e+00
2.238721138568339902e-03 5.492021190574959633e+00
2.264644307593059649e-03 5.492451500874557802e+00
2.290867652767772378e-03 5.492848429145438693e+00
2.317394649968479610e-03 5.493245384214907823e+00
2.344228815319922537e-03 5.493642366084706907e+00
2.371373705661655382e-03 5.493887885216143907e+00
2.398832919019489897e-03 5.493319814663330192e+00
2.426610095082416818e-03 5.492751506816593299e+00
2.454708915685031162e-03 5.492182961615474035e+00
2.483133105295570221e-03 5.491614178999505214e+00
2.511886431509579437e-03 5.491620892704888846e+00
2.540972705549306328e-03 5.492120816558294649e+00
2.570395782768864542e-03 5.492620746241456686e+00
2.600159563165272119e-03 5.493120699065826784e+00
2.630267991895381303e-03 5.493620675032479639e+00
2.660725059798811371e-03 5.493381420428157469e+00
2.691534803926916557e-03 5.492914148080080494e+00
2.722701308077912687e-03 5.492446722631335376e+00
2.754228703338165978e-03 5.491979144050882056e+00
2.786121168629769346e-03 5.491548808195615194e+00
2.818382931264454792e-03 5.491564413271322387e+00
2.851018267503909950e-03 5.491509782027710784e+00
2.884031503126605490e-03 5.491455123700562879e+00
2.917427014001165893e-03 5.491400438286539121e+00
2.951209226666386826e-03 5.491528952503657912e+00
2.985382618917960251e-03 5.491958937298689669e+00
3.019951720402016138e-03 5.492388939202709430e+00
3.054921113215512424e-03 5.492818958216406422e+00
3.090295432513592063e-03 5.493248994340448554e+00
3.126079367123955725e-03 5.493679047575523278e+00
3.162277660168379394e-03 5.494109117922316265e+00
3.198895109691397235e-03 5.494569035272701463e+00
3.235936569296284180e-03 5.495028974109671616e+00
3.273406948788382901e-03 5.495488932516876979e+00
3.311311214825910908e-03 5.495948910495161321e+00
3.349654391578275967e-03 5.496408908045350650e+00
3.388441561392027332e-03 5.496868925168274522e+00
3.427677865464504817e-03 5.497328961864776709e+00
3.467368504525316676e-03 5.497789018135681438e+00
3.507518739525679677e-03 5.498249093981820046e+00
3.548133892335756691e-03 5.498709190336872332e+00
3.589219346450053371e-03 5.499179095709229692e+00
3.630780547701014001e-03 5.499649021501341828e+00
3.672823004980846004e-03 5.500118967714096918e+00
3.715352290971724036e-03 5.500588934348379588e+00
3.758374042884443048e-03 5.501058921405079793e+00
3.801893963205612691e-03 5.501528928885085712e+00
3.845917820453535318e-03 5.501998956789281969e+00
3.890451449942804868e-03 5.502469005118556744e+00
3.935500754557776266e-03 5.502939073873798215e+00
3.981071705534973415e-03 5.503409161188414167e+00
4.027170343254590605e-03 5.503829082938421102e+00
4.073802778041125949e-03 5.504249020988054575e+00
4.120975190973303823e-03 5.504668975337952297e+00
4.168693834703355271e-03 5.505088945988743099e+00
4.216965034285822915e-03 5.505508932941059363e+00
4.265795188015925922e-03 5.505928936195537027e+00
4.315190768277654167e-03 5.506348955752808472e+00
4.365158322401660983e-03 5.506768991613504305e+00
4.415704473533125368e-03 5.507189043778256909e+00
4.466835921509630485e-03 5.507609112247702221e+00
4.518559443749225850e-03 5.507949074617084939e+00
4.570881896148752156e-03 5.507626307833470847e+00
4.623810213992603051e-03 5.506997346298499352e+00
4.677351412871981126e-03 5.506368218821086735e+00
4.731512589614807716e-03 5.505738925369384695e+00
4.786300923226385375e-03 5.505109465911522726e+00
4.841723675840994313e-03 5.504962743875728926e+00
4.897788193684460972e-03 5.504817401288124579e+00
4.954501908047900804e-03 5.504672025097532284e+00
5.011872336272724625e-03 5.504526611247954726e+00
5.069907082747044692e-03 5.504425645014846324e+00
5.128613839913647929e-03 5.504665626629090980e+00
5.188000389289609132e-03 5.504905613562982580e+00
5.248074602497728065e-03 5.505145605816631260e+00
5.308844442309884962e-03 5.505385603390152482e+00
5.370317963702526953e-03 5.505625606283672369e+00
5.432503314924330522e-03 5.505865614497299276e+00
5.495408738576248141e-03 5.506105628031162880e+00
5.559042572704037122e-03 5.506345646885373313e+00
5.623413251903490971e-03 5.506585663524202090e+00
5.688529308438413160e-03 5.506675660132975381e+00
5.754399373371572694e-03 5.506765657489737009e+00
5.821032177708716088e-03 5.506855655594483423e+00
5.888436553555889859e-03 5.506945654447227056e+00
5.956621435290103059e-03 5.507035654047971462e+00
6.025595860743580487e-03 5.507125654396729075e+00
6.095368972401693335e-03 5.507215655493496342e+00
6.165950018614822260e-03 5.507305657338285698e+00
6.237348354824191060e-03 5.507395659931100695e+00
6.309573444801936347e-03 5.507485657581142391e+00
6.382634861905489565e-03 5.507455657428781848e+00
6.456542290346555836e-03 5.507425657359526383e+00
6.531305526474722595e-03 5.507395657373386655e+00
6.606934480075957357e-03 5.507365657470350229e+00
6.683439175686149009e-03 5.507335657650425986e+00
6.760829753919818386e-03 5.507305657913606822e+00
6.839116472814293045e-03 5.507275658259899842e+00
6.918309709189362708e-03 5.507245658689297940e+00
6.998419960022738036e-03 5.507215659201806446e+00
7.079457843841380389e-03 5.507185659797420030e+00
7.161434102129020027e-03 5.507135659027023067e+00
7.244359600749898306e-03 5.507085657958365132e+00
7.328245331389044402e-03 5.507035657120580296e+00
7.413102413009176744e-03 5.506985656513670335e+00
7.498942093324557912e-03 5.506935656137631696e+00
7.585775750291835935e-03 5.506885655992464379e+00
7.673614893618193808e-03 5.506835656078168384e+00
7.762471166286919952e-03 5.506785656394740158e+00
7.852356346100718837e-03 5.506735656942181478e+00
7.943282347242813790e-03 5.506685662853554319e+00
8.035261221856177666e-03 5.506835653028602451e+00
8.128305161640994592e-03 5.506985645281245567e+00
8.222426499470712746e-03 5.507135639611515643e+00
8.317637711026708985e-03 5.507285636019441100e+00
8.413951416451955628e-03 5.507435634505050359e+00
8.511380382023767469e-03 5.507585635068370067e+00
8.609937521846007177e-03 5.507735637709432197e+00
8.709635899560804612e-03 5.507754417457886298e+00
8.810488730080136971e-03 5.507176697033767887e+00
8.912509381337458889e-03 5.506598879175588657e+00
9.015711376059569807e-03 5.506620716127793358e+00
9.120108393559096804e-03 5.506642509064102242e+00
9.225714271547629311e-03 5.506664177786976921e+00
9.332543007969915094e-03 5.506685718220984072e+00
9.440608762859235489e-03 5.506707210950076536e+00
9.549925860214358853e-03 5.506728655964225894e+00
9.660508789898131221e-03 5.506750053253393062e+00
9.772372209558111839e-03 5.506795847759413221e+00
9.885530946569390590e-03 5.506847943634640252e+00
1.000000000000000021e-02 5.506900000000002571e+00
1.011579454259898224e-02 5.508119367822378543e+00
1.023292992280754737e-02 5.509338872841678558e+00
1.035142166679344118e-02 5.510558515073328500e+00
1.047128548050899575e-02 5.511778294532772016e+00
1.059253725177288635e-02 5.512998211235454527e+00
1.071519305237607009e-02 5.514218265196807245e+00
1.083926914021203849e-02 5.515438456432284475e+00
1.096478196143185063e-02 5.516658784957322759e+00
1.109174815262400915e-02 5.517879250787372847e+00
1.122018454301964077e-02 5.519099853937887268e+00
1.135010815672315466e-02 5.521487466135044819e+00
1.148153621496882971e-02 5.523875743440481934e+00
1.161448613840342613e-02 5.526264546351804974e+00
1.174897554939530360e-02 5.528653874984681416e+00
1.188502227437019006e-02 5.531043729454824920e+00
1.202264434617413176e-02 5.533434109877950924e+00
1.216186000646367858e-02 5.535825016369806839e+00
1.230268770812381098e-02 5.538216449046179157e+00
1.244514611771385670e-02 5.540608408022863252e+00
1.258925411794167490e-02 5.543001591147004525e+00
1.273503081016661570e-02 5.547263841252157768e+00
1.288249551693133529e-02 5.551527762095651575e+00
1.303166778452300063e-02 5.555793354332382528e+00
1.318256738556407466e-02 5.560060618617520767e+00
1.333521432163324062e-02 5.564329555606472688e+00
1.348962882591653312e-02 5.568600165954925352e+00
1.364583136588925182e-02 5.572872450318798521e+00
1.380384264602885214e-02 5.577146409354294398e+00
1.396368361055937667e-02 5.581422043717846115e+00
1.412537544622754007e-02 5.585699354066169242e+00
1.428893958511103651e-02 5.592838108601651648e+00
1.445439770745927943e-02 5.599981963779529615e+00
1.462177174456718264e-02 5.607130491033491815e+00
1.479108388168207111e-02 5.614283693419078070e+00
1.496235656094434263e-02 5.621441573993823049e+00
1.513561248436208657e-02 5.628604135817261600e+00
1.531087461682030353e-02 5.635771381950918091e+00
1.548816618912481069e-02 5.642943315458333053e+00
1.566751070108150096e-02 5.650119939405045422e+00
1.584893192461114125e-02 5.657302096756601451e+00
1.603245390690041794e-02 5.669292797368364667e+00
1.621810097358929864e-02 5.681296583117613430e+00
1.640589773199538706e-02 5.693313468283823120e+00
1.659586907437561251e-02 5.705343467162040660e+00
1.678804018122560804e-02 5.717386594062918270e+00
1.698243652461744330e-02 5.729442863312722345e+00
1.717908387157587521e-02 5.741512289253356549e+00
1.737800828749376178e-02 5.753594886242370698e+00
1.757923613958693038e-02 5.765690668652983852e+00
1.778279410038922925e-02 5.777799650874103854e+00
1.798870915128787315e-02 5.796891361746792093e+00
1.819700858609984290e-02 5.816016086579625544e+00
1.840772001468956448e-02 5.835173681209883334e+00
1.862087136662867598e-02 5.854364202131116635e+00
1.883649089489800033e-02 5.873587705933966951e+00
1.905460717963248368e-02 5.892844249306347315e+00
1.927524913190936662e-02 5.912133889033591494e+00
1.949844599758045541e-02 5.931456681998635183e+00
1.972422736114853511e-02 5.950812685182177653e+00
1.995262314968880915e-02 5.970202667301466981e+00
2.018366363681561859e-02 5.996701156880644312e+00
2.041737944669529473e-02 6.023261781529703818e+00
2.065380155810529056e-02 6.049884686946271906e+00
2.089296130854041006e-02 6.076570019169609260e+00
2.113489039836647515e-02 6.103317924581415532e+00
2.137962089502232557e-02 6.130128549906635804e+00
2.162718523727020017e-02 6.157002042214259951e+00
2.187761623949551967e-02 6.183938548918146871e+00
2.213094709605638657e-02 6.210938217777806081e+00
2.238721138568339902e-02 6.238001448930897475e+00
2.264644307593059389e-02 6.270848017003697983e+00
2.290867652767772378e-02 6.303787846683365892e+00
2.317394649968479783e-02 6.336821202768562422e+00
2.344228815319922624e-02 6.369948350809798931e+00
2.371373705661655382e-02 6.403169557111561438e+00
2.398832919019489723e-02 6.436485088734461790e+00
2.426610095082416818e-02 6.469895213497378172e+00
2.454708915685031162e-02 6.503400199979608054e+00
2.483133105295570395e-02 6.537000317523035342e+00
2.511886431509579437e-02 6.570695836234279774e+00
2.540972705549306501e-02 6.607781830190005756e+00
2.570395782768864629e-02 6.644983797859736363e+00
2.600159563165272206e-02 6.682301693970269518e+00
2.630267991895381477e-02 6.719735879776792764e+00
2.660725059798811284e-02 6.757286717660215380e+00
2.691534803926916644e-02 6.794954571130705112e+00
2.722701308077912774e-02 6.832739804831184038e+00
2.754228703338166065e-02 6.870642784540895498e+00
2.786121168629772035e-02 6.908663877178899959e+00
2.818382931264454966e-02 6.946803598700834748e+00
2.851018267503909603e-02 6.986704346897085749e+00
2.884031503126605750e-02 7.026734770937369312e+00
2.917427014001166066e-02 7.066895292263025929e+00
2.951209226666387173e-02 7.107186333685052482e+00
2.985382618917960251e-02 7.147608319388560894e+00
3.019951720402016052e-02 7.188161674937261658e+00
3.054921113215512338e-02 7.228846827277926046e+00
3.090295432513592150e-02 7.269664204744887392e+00
3.126079367123955899e-02 7.310614237064542387e+00
3.162277660168379134e-02 7.351697355359875452e+00
3.198895109691397148e-02 7.393415021904840678e+00
3.235936569296284093e-02 7.435269949636000852e+00
3.273406948788382814e-02 7.477262557866617421e+00
3.311311214825911342e-02 7.519393299492480587e+00
3.349654391578275880e-02 7.561662628899147087e+00
3.388441561392027679e-02 7.604071001966864252e+00
3.427677865464504731e-02 7.646618876075488735e+00
3.467368504525316503e-02 7.689306710109401699e+00
3.507518739525679330e-02 7.732134964462491489e+00
3.548133892335756517e-02 7.775104048981433813e+00
3.589219346450053805e-02 7.817666367334287436e+00
3.630780547701013827e-02 7.860366912886497026e+00
3.672823004980846351e-02 7.903206134550608830e+00
3.715352290971727506e-02 7.946184482697078444e+00
3.758374042884442962e-02 7.989302409158992369e+00
3.801893963205612431e-02 8.032560367236840193e+00
3.845917820453535058e-02 8.075958811703262796e+00
3.890451449942804868e-02 8.119498198807864497e+00
3.935500754557776093e-02 8.163178986281938165e+00
3.981071705534973415e-02 8.207001598457171809e+00
4.027170343254590779e-02 8.250026037754068398e+00
4.073802778041125949e-02 8.293187215899216369e+00
4.120975190973304170e-02 8.336485567471502378e+00
4.168693834703354750e-02 8.379921528430969602e+00
4.216965034285822395e-02 8.423495536123205341e+00
4.265795188015925749e-02 8.466347952733837445e+00
4.315190768277654687e-02 8.509333793542147362e+00
4.365158322401661156e-02 8.552453562224147987e+00
4.415704473533125368e-02 8.595707676049229917e+00
4.466835921509629964e-02 8.639096553586824712e+00
4.518559443749226023e-02 8.681697096974080097e+00
4.570881896148751983e-02 8.724427478038773387e+00
4.623810213992603224e-02 8.767288165967787705e+00
4.677351412871981473e-02 8.810279558133625954e+00
4.731512589614807890e-02 8.853402004480848575e+00
4.786300923226385201e-02 8.895629762795920215e+00
4.841723675840994140e-02 8.937983239941530655e+00
4.897788193684461666e-02 8.980462810202840984e+00
4.954501908047905662e-02 9.023068848979367118e+00
5.011872336272724798e-02 9.065801690663231938e+00
5.069907082747044519e-02 9.107618333824810009e+00
5.128613839913648276e-02 9.149556440934759394e+00
5.188000389289609826e-02 9.191616364806925787e+00
5.248074602497728586e-02 9.233798459279974225e+00
5.308844442309884615e-02 9.276103010806910021e+00
5.370317963702526953e-02 9.317586529834372300e+00
5.432503314924330695e-02 9.359187864232708876e+00
5.495408738576248314e-02 9.400907348603759317e+00
5.559042572704037122e-02 9.442745318499632390e+00
5.623413251903491145e-02 9.484702066054239822e+00
5.688529308438412813e-02 9.525892151617647130e+00
5.754399373371572174e-02 9.567196756250137213e+00
5.821032177708716088e-02 9.608616198344265058e+00
5.888436553555889685e-02 9.650150797177822426e+00
5.956621435290103406e-02 9.691800859735000273e+00
6.025595860743580834e-02 9.732935195505838522e+00
6.095368972401693508e-02 9.774182166058466237e+00
6.165950018614822087e-02 9.815542079811475418e+00
6.237348354824191754e-02 9.857015246027984290e+00
6.309573444801935826e-02 9.898601957505320570e+00
6.382634861905489565e-02 9.939936487778549434e+00
6.456542290346556356e-02 9.981383207424318726e+00
6.531305526474723289e-02 1.002294242094482613e+01
6.606934480075964122e-02 1.006461443366874065e+01
6.683439175686148315e-02 1.010639955175344440e+01
6.760829753919818386e-02 1.014854861571583555e+01
6.839116472814292524e-02 1.019081276659270685e+01
6.918309709189363055e-02 1.023319231593454148e+01
6.998419960022737862e-02 1.027568757882648143e+01
7.079457843841380216e-02 1.031829887121396183e+01
7.161434102129020374e-02 1.036239012477817667e+01
7.244359600749898653e-02 1.040660564377591157e+01
7.328245331389043882e-02 1.045094574225548811e+01
7.413102413009177438e-02 1.049541077122593791e+01
7.498942093324557912e-02 1.054000115369198909e+01
7.585775750291835762e-02 1.058765414328518872e+01
7.673614893618194155e-02 1.063545021641401789e+01
7.762471166286918911e-02 1.068338980270310401e+01
7.852356346100718143e-02 1.073147333306706841e+01
7.943282347242813790e-02 1.077970135482760128e+01
8.035261221856176972e-02 1.083257306303242729e+01
8.128305161640994592e-02 1.088561828970961187e+01
8.222426499470712746e-02 1.093883760432553487e+01
8.317637711026708291e-02 1.099223157821548824e+01
8.413951416451956322e-02 1.104580086164160591e+01
8.511380382023767122e-02 1.110483348325027464e+01
8.609937521846007524e-02 1.116407890324627772e+01
8.709635899560805306e-02 1.122353788871658153e+01
8.810488730080145992e-02 1.128321120951328993e+01
8.912509381337459236e-02 1.134309963826364864e+01
9.015711376059570847e-02 1.140911471352468354e+01
9.120108393559096804e-02 1.147539119525639606e+01
9.225714271547638679e-02 1.154193008279050758e+01
9.332543007969915094e-02 1.160873241505972331e+01
9.440608762859235836e-02 1.167579923511017270e+01
9.549925860214358853e-02 1.175038226119381335e+01
9.660508789898131221e-02 1.182529246238490117e+01
9.772372209558111145e-02 1.190053119099960810e+01
9.885530946569390243e-02 1.197609988783327495e+01
1.000000000000000056e-01 1.205199999999999605e+01
1.011579454259898259e-01 1.213799037190821295e+01
1.023292992280753627e-01 1.222440613395369624e+01
1.035142166679343112e-01 1.231124939052050493e+01
1.047128548050900582e-01 1.239852225640301242e+01
1.059253725177289746e-01 1.248623096667881072e+01
1.071519305237607078e-01 1.258789541834903503e+01
1.083926914021203919e-01 1.269013997984708197e+01
1.096478196143185063e-01 1.279296796135075098e+01
1.109174815262400915e-01 1.289638269192615994e+01
1.122018454301963036e-01 1.300038751963544925e+01
1.135010815672314322e-01 1.314134657262016148e+01
1.148153621496884047e-01 1.328339394777213656e+01
1.161448613840343758e-01 1.342653365858788916e+01
1.174897554939530325e-01 1.357077410506217063e+01
1.188502227437018971e-01 1.371613320056166785e+01
1.202264434617413141e-01 1.392117997638138860e+01
1.216186000646367893e-01 1.412843418591558020e+01
1.230268770812381063e-01 1.433791959332042865e+01
1.244514611771384421e-01 1.454966021858541581e+01
1.258925411794166171e-01 1.476370085860363091e+01
1.273503081016662819e-01 1.503564508798466903e+01
1.288249551693134987e-01 1.531126966596046657e+01
1.303166778452299890e-01 1.559062440041193298e+01
1.318256738556407293e-01 1.587375977329329757e+01
1.333521432163324028e-01 1.616073350119260965e+01
1.348962882591653312e-01 1.652288245352093199e+01
1.364583136588923828e-01 1.689113398082081829e+01
1.380384264602883826e-01 1.726559091763327913e+01
1.396368361055939089e-01 1.764635783136505509e+01
1.412537544622755326e-01 1.803354105148892472e+01
1.428893958511103790e-01 1.849859239038629966e+01
1.445439770745927943e-01 1.897291138350154327e+01
1.462177174456718298e-01 1.945667171427013642e+01
1.479108388168207111e-01 1.995006131287821560e+01
1.496235656094432875e-01 2.045327185026951256e+01
1.513561248436207096e-01 2.100959852185950893e+01
1.531087461682031914e-01 2.157793995803396925e+01
1.548816618912482734e-01 2.215854452176664680e+01
1.566751070108150234e-01 2.275167681508727568e+01
1.584893192461114264e-01 2.335760524767425039e+01
1.603245390690041794e-01 2.396550811390808988e+01
1.621810097358929725e-01 2.458629248247835264e+01
1.640589773199538637e-01 2.522023131327987500e+01
1.659586907437559655e-01 2.586760335024593260e+01
1.678804018122558861e-01 2.652869324391228645e+01
1.698243652461746134e-01 2.713663968787266612e+01
1.717908387157589256e-01 2.775616597935447061e+01
1.737800828749376247e-01 2.838751384888495721e+01
1.757923613958693176e-01 2.903090887156802324e+01
1.778279410038922925e-01 2.968658092685056715e+01
1.798870915128787384e-01 3.025526833507398550e+01
1.819700858609982486e-01 3.083318847975516519e+01
1.840772001468954366e-01 3.142049416560224273e+01
1.862087136662869402e-01 3.201733781572044535e+01
1.883649089489801975e-01 3.262387432859706848e+01
1.905460717963248229e-01 3.313881068649262573e+01
1.927524913190936662e-01 3.366072900123282352e+01
1.949844599758045471e-01 3.418972825198147802e+01
1.972422736114853303e-01 3.472590450675031093e+01
1.995262314968878903e-01 3.526934662833529188e+01
2.018366363681559639e-01 3.573468351738618054e+01
2.041737944669531624e-01 3.620535388521339826e+01
2.065380155810531138e-01 3.668141886171326860e+01
2.089296130854040867e-01 3.716294027742531370e+01
2.113489039836647654e-01 3.764998067156232509e+01
2.137962089502232488e-01 3.807623185051565429e+01
2.162718523727020226e-01 3.850670765570609433e+01
2.187761623949551759e-01 3.894145260098045469e+01
2.213094709605636368e-01 3.938050902450694934e+01
2.238721138568342262e-01 3.982391741397761109e+01
2.264644307593061956e-01 4.021985037888915571e+01
2.290867652767774598e-01 4.061925505092661837e+01
2.317394649968479714e-01 4.102216187148147242e+01
2.344228815319922832e-01 4.142860154886809454e+01
2.371373705661655173e-01 4.183860506066431384e+01
2.398832919019489862e-01 4.220950376651333613e+01
2.426610095082414320e-01 4.258330899237837741e+01
2.454708915685028525e-01 4.296005343439433233e+01
2.483133105295572962e-01 4.333976020350507952e+01
2.511886431509582351e-01 4.372245259237477910e+01
2.540972705549306432e-01 4.407081452067429694e+01
2.570395782768864490e-01 4.442164579010034231e+01
2.600159563165271859e-01 4.477496854342317079e+01
2.630267991895381408e-01 4.513080047431074604e+01
2.660725059798808578e-01 4.548915385241240017e+01
2.691534803926913799e-01 4.581623179876007157e+01
2.722701308077915550e-01 4.614541483585277604e+01
2.754228703338169049e-01 4.647671651216435151e+01
2.786121168629772105e-01 4.681015046336754182e+01
2.818382931264454827e-01 4.714572764289813733e+01
2.851018267503909742e-01 4.745261640039579021e+01
2.884031503126605611e-01 4.776129988883560173e+01
2.917427014001165997e-01 4.807178860407017140e+01
2.951209226666384189e-01 4.838409310333332058e+01
2.985382618917963304e-01 4.869822188971860299e+01
3.019951720402019313e-01 4.898626599449821128e+01
3.054921113215515183e-01 4.927584575297082381e+01
3.090295432513592289e-01 4.956696935218916877e+01
3.126079367123955621e-01 4.985964502285361277e+01
3.162277660168379412e-01 5.015388103954515486e+01
3.198895109691397010e-01 5.042476023280420350e+01
3.235936569296281040e-01 5.069696027049541698e+01
3.273406948788379345e-01 5.097048920271975447e+01
3.311311214825914395e-01 5.124535351720857790e+01
3.349654391578279489e-01 5.152155973336633110e+01
3.388441561392027679e-01 5.177713440087830321e+01
3.427677865464504592e-01 5.203385477659858083e+01
3.467368504525316641e-01 5.229172920732401764e+01
3.507518739525679607e-01 5.255076288096743298e+01
3.548133892335753048e-01 5.281096100876347066e+01
3.589219346450049919e-01 5.305314965168276586e+01
3.630780547701017436e-01 5.329634425350127458e+01
3.672823004980849682e-01 5.354055187205825916e+01
3.715352290971727922e-01 5.378577672703178081e+01
3.758374042884443100e-01 5.403202150041474283e+01
3.801893963205612570e-01 5.426258102559998520e+01
3.845917820453535474e-01 5.449403602647100797e+01
3.890451449942805007e-01 5.472638998098747720e+01
3.935500754557772485e-01 5.495964638061703056e+01
3.981071705534977578e-01 5.519380818910700270e+01
4.027170343254594664e-01 5.541427912545598389e+01
4.073802778041130113e-01 5.563555316778383997e+01
4.120975190973303892e-01 5.585763324155198717e+01
4.168693834703355305e-01 5.608052228287834140e+01
4.216965034285822256e-01 5.630422190546705963e+01
4.265795188015925610e-01 5.651583602371349713e+01
4.315190768277650246e-01 5.672817668916670897e+01
4.365158322401656577e-01 5.694124639632399720e+01
4.415704473533129670e-01 5.715504764824719786e+01
4.466835921509634821e-01 5.736958295659189844e+01
4.518559443749226023e-01 5.757327373878145238e+01
4.570881896148751844e-01 5.777762532010405749e+01
4.623810213992603502e-01 5.798264076571179970e+01
4.677351412871981196e-01 5.818832223225938804e+01
4.731512589614803033e-01 5.839467188340767478e+01
4.786300923226380344e-01 5.859098700865444442e+01
4.841723675840998720e-01 5.878790545181459493e+01
4.897788193684466385e-01 5.898543052781555218e+01
4.954501908047905245e-01 5.918356410546857660e+01
5.011872336272724660e-01 5.938230765356385632e+01
5.069907082747044935e-01 5.957161184791777941e+01
5.128613839913648276e-01 5.976146981329947039e+01
5.188000389289609826e-01 5.995188316965369779e+01
5.248074602497723173e-01 6.014285354166410968e+01
5.308844442309890166e-01 6.033438255876704659e+01
5.370317963702532227e-01 6.051689125670159797e+01
5.432503314924336246e-01 6.069990634493879611e+01
5.495408738576248453e-01 6.088343010211306705e+01
5.559042572704037122e-01 6.106746394201005046e+01
5.623413251903490728e-01 6.125200881996804014e+01
5.688529308438413645e-01 6.142783670953231479e+01
5.754399373371565929e-01 6.160412891693761139e+01
5.821032177708709288e-01 6.178088666833222931e+01
5.888436553555895792e-01 6.195811119310241111e+01
5.956621435290109234e-01 6.213580353980407267e+01
6.025595860743581111e-01 6.230514748006635273e+01
6.095368972401693508e-01 6.247491648245005536e+01
6.165950018614821948e-01 6.264511161388321625e+01
6.237348354824191476e-01 6.281573394397192089e+01
6.309573444801930275e-01 6.298678454500718260e+01
6.382634861905482904e-01 6.314992685678026874e+01
6.456542290346563018e-01 6.331345799970489452e+01
6.531305526474729950e-01 6.347737965472079225e+01
6.606934480075964400e-01 6.364169275437021156e+01
6.683439175686148870e-01 6.380639823342227146e+01
6.760829753919819218e-01 6.396375984272080473e+01
6.839116472814292802e-01 6.412147953769193975e+01
6.918309709189363055e-01 6.427955821625324973e+01
6.998419960022731479e-01 6.443799669548239706e+01
7.079457843841387987e-01 6.459679579431652030e+01
7.161434102129027313e-01 6.474893408495117342e+01
7.244359600749905592e-01 6.490140319119934986e+01
7.328245331389044992e-01 6.505420401856748924e+01
7.413102413009177161e-01 6.520733728876832913e+01
7.498942093324558744e-01 6.536080357320574308e+01
7.585775750291835484e-01 6.550832661606274598e+01
7.673614893618185828e-01 6.565615751925155053e+01
7.762471166286911695e-01 6.580429692523441076e+01
7.852356346100726192e-01 6.595274547781426122e+01
7.943282347242821562e-01 6.610150368056324055e+01
8.035261221856176972e-01 6.624504531770035953e+01
8.128305161640995147e-01 6.638887539979948826e+01
8.222426499470711914e-01 6.653299450648688662e+01
8.317637711026708569e-01 6.667740321855355035e+01
8.413951416451947996e-01 6.682210204767611117e+01
8.511380382023758795e-01 6.696227576642736778e+01
8.609937521846016129e-01 6.710272180621592497e+01
8.709635899560814742e-01 6.724344069609058749e+01
8.810488730080147102e-01 6.738443296612796019e+01
8.912509381337458958e-01 6.752569914743463642e+01
9.015711376059570847e-01 6.766291861679556519e+01
9.120108393559096527e-01 6.780039650316562927e+01
9.225714271547628131e-01 6.793813331930762445e+01
9.332543007969904547e-01 6.807612955289735623e+01
9.440608762859244996e-01 6.821438569252909190e+01
9.549925860214368845e-01 6.834897537139610790e+01
9.660508789898141213e-01 6.848381094725633034e+01
9.772372209558111145e-01 6.861889327612925626e+01
9.885530946569390798e-01 6.875422280957991461e+01
1.000000000000000000e+00 6.888979999999999393e+01
1.011579454259898370e+00 6.902191694482802120e+01
1.023292992280753655e+00 6.915426906638143123e+01
1.035142166679343001e+00 6.928685678329003395e+01
1.047128548050900720e+00 6.941968051492889913e+01
1.059253725177289773e+00 6.955273955396252461e+01
1.071519305237607078e+00 6.968233914722986810e+01
1.083926914021203780e+00 6.981216303707780924e+01
1.096478196143185091e+00 6.994221161169400602e+01
1.109174815262400804e+00 7.007248525993777832e+01
1.122018454301962898e+00 7.020298437134161418e+01
1.135010815672314211e+00 7.032992464111853792e+01
1.148153621496884158e+00 7.045707779085144296e+01
1.161448613840343702e+00 7.058444463121003309e+01
1.174897554939530409e+00 7.071202552131796892e+01
1.188502227437018943e+00 7.083982016978565355e+01
1.202264434617413169e+00 7.096382381882303036e+01
1.216186000646367837e+00 7.108802934314391564e+01
1.230268770812381174e+00 7.121243707139682044e+01
1.244514611771384338e+00 7.133704733276549348e+01
1.258925411794168836e+00 7.146186045696947531e+01
1.273503081016662986e+00 7.158263124840505043e+01
1.288249551693134931e+00 7.170359062872570632e+01
1.303166778452300001e+00 7.182474023887390047e+01
1.318256738556407459e+00 7.194608037801926059e+01
1.333521432163323972e+00 7.206761091894495053e+01
1.348962882591653312e+00 7.218475006529270388e+01
1.364583136588923828e+00 7.230206649735764302e+01
1.380384264602883881e+00 7.241956048345517161e+01
1.396368361055939200e+00 7.253723229230664060e+01
1.412537544622755492e+00 7.265508219304011561e+01
1.428893958511103568e+00 7.276825166908824372e+01
1.445439770745927888e+00 7.288158463728142067e+01
1.462177174456718243e+00 7.299508206856026504e+01
1.479108388168207222e+00 7.310874420158513942e+01
1.496235656094432764e+00 7.322257127536299492e+01
1.513561248436207096e+00 7.333141982218413091e+01
1.531087461682031803e+00 7.344041789787694086e+01
1.548816618912482790e+00 7.354956700701183081e+01
1.566751070108150179e+00 7.365886735886847703e+01
1.584893192461114042e+00 7.376831821802534250e+01
1.603245390690041683e+00 7.387251321752303568e+01
1.621810097358929781e+00 7.397684547062524985e+01
1.640589773199538692e+00 7.408131515813307999e+01
1.659586907437559766e+00 7.418592246108543975e+01
1.678804018122562303e+00 7.429066756076004197e+01
1.698243652461745912e+00 7.439000666307596532e+01
1.717908387157589312e+00 7.448946798707892469e+01
1.737800828749376247e+00 7.458905340154977637e+01
1.757923613958693121e+00 7.468876306130694331e+01
1.778279410038922759e+00 7.478859712136195981e+01
1.798870915128787384e+00 7.488285498889476344e+01
1.819700858609982541e+00 7.497722358369502160e+01
1.840772001468954366e+00 7.507170320030313349e+01
1.862087136662869513e+00 7.516629396933289797e+01
1.883649089489802142e+00 7.526099602155180435e+01
1.905460717963248340e+00 7.535006173556389797e+01
1.927524913190936662e+00 7.543922563898409805e+01
1.949844599758045582e+00 7.552848808164971217e+01
1.972422736114853414e+00 7.561784917246106374e+01
1.995262314968878847e+00 7.570730844113205649e+01
2.018366363681559861e+00 7.579111257929703527e+01
2.041737944669531846e+00 7.587500338236212372e+01
2.065380155810531360e+00 7.595898093995056399e+01
2.089296130854040978e+00 7.604304534177849462e+01
2.113489039836647709e+00 7.612719667765456677e+01
2.137962089502232654e+00 7.620576650399517860e+01
2.162718523727019893e+00 7.628441189077531703e+01
2.187761623949551648e+00 7.636313313455913487e+01
2.213094709605636368e+00 7.644193030851397452e+01
2.238721138568342539e+00 7.652080324027420488e+01
2.264644307593061789e+00 7.659418749064909093e+01
2.290867652767774931e+00 7.666763753409006199e+01
2.317394649968479658e+00 7.674115342958425856e+01
2.344228815319922887e+00 7.681473523617171395e+01
2.371373705661655062e+00 7.688838301294532585e+01
2.398832919019489918e+00 7.695671204861110937e+01
2.426610095082414542e+00 7.702509662724773420e+01
2.454708915685028359e+00 7.709353803671479000e+01
2.483133105295572740e+00 7.716203632424148395e+01
2.511886431509582351e+00 7.723059153709603208e+01
2.540972705549306543e+00 7.729152105287133168e+01
2.570395782768864823e+00 7.735249458543107437e+01
2.600159563165272303e+00 7.741351311533678370e+01
2.630267991895381297e+00 7.747457667579584495e+01
2.660725059798808356e+00 7.753568530003988712e+01
2.691534803926913799e+00 7.759683902132515243e+01
2.722701308077915439e+00 7.765803787293236837e+01
2.754228703338168938e+00 7.771928188816703198e+01
2.786121168629771994e+00 7.778057110035898347e+01
2.818382931264455049e+00 7.784190469005173441e+01
2.851018267503909964e+00 7.789383772012362783e+01
2.884031503126605500e+00 7.794580317729224817e+01
2.917427014001165997e+00 7.799780108180515015e+01
2.951209226666383856e+00 7.804983145392246513e+01
2.985382618917963082e+00 7.810189431391724213e+01
3.019951720402019202e+00 7.815398968207468045e+01
3.054921113215515405e+00 7.820611757869319547e+01
3.090295432513591845e+00 7.825827802408352341e+01
3.126079367123955954e+00 7.831047103856921865e+01
3.162277660168379523e+00 7.836269664248646905e+01
3.198895109691397121e+00 7.840657315022387763e+01
3.235936569296280929e+00 7.845047212143305160e+01
3.273406948788379456e+00 7.849439410657868166e+01
3.311311214825914284e+00 7.853833911772568399e+01
3.349654391578279267e+00 7.858230716694538387e+01
3.388441561392027346e+00 7.862629826631544461e+01
3.427677865464504592e+00 7.867031242791985335e+01
3.467368504525316641e+00 7.871434966384886422e+01
3.507518739525679496e+00 7.875840998619928257e+01
3.548133892335753270e+00 7.880249340707405281e+01
3.589219346450049919e+00 7.883928271616906613e+01
3.630780547701017547e+00 7.887608701769303821e+01
3.672823004980850126e+00 7.891290741236319661e+01
3.715352290971727811e+00 7.894974390721631607e+01
3.758374042884443433e+00 7.898659650929255349e+01
3.801893963205612792e+00 7.902346522563483688e+01
3.845917820453535363e+00 7.906035006328950487e+01
3.890451449942804896e+00 7.909725102930563878e+01
3.935500754557772485e+00 7.913416813073571632e+01
3.981071705534977578e+00 7.917110114215778083e+01
4.027170343254594442e+00 7.920180054610246145e+01
4.073802778041129891e+00 7.923251110313051981e+01
4.120975190973304336e+00 7.926323281729386849e+01
4.168693834703354639e+00 7.929396569264586958e+01
4.216965034285822256e+00 7.932470973324139152e+01
4.265795188015925277e+00 7.935546494313678068e+01
4.315190768277649802e+00 7.938623132638980451e+01
4.365158322401656577e+00 7.941700888705977945e+01
4.415704473533129892e+00 7.944779762920742883e+01
4.466835921509634488e+00 7.947859755689506756e+01
4.518559443749226467e+00 7.950411370984579662e+01
4.570881896148751622e+00 7.952963711965682592e+01
4.623810213992602947e+00 7.955516820846136739e+01
4.677351412871980862e+00 7.958070697856980757e+01
4.731512589614802700e+00 7.960625343229298778e+01
4.786300923226380455e+00 7.963180757194270143e+01
4.841723675840999164e+00 7.965736939983140985e+01
4.897788193684466052e+00 7.968293891827204334e+01
4.954501908047905800e+00 7.970851612957854115e+01
5.011872336272724660e+00 7.973410085689768323e+01
5.069907082747044491e+00 7.975526716174795183e+01
5.128613839913648498e+00 7.977643873333029489e+01
5.188000389289609160e+00 7.979761557295520902e+01
5.248074602497722729e+00 7.981879768193351765e+01
5.308844442309889722e+00 7.983998506157637109e+01
5.370317963702532893e+00 7.986117771319524650e+01
5.432503314924336024e+00 7.988237563810196207e+01
5.495408738576248453e+00 7.990357883760864866e+01
5.559042572704036900e+00 7.992478731302774975e+01
5.623413251903491172e+00 7.994600088610945932e+01
5.688529308438413423e+00 7.996364420246058557e+01
5.754399373371566817e+00 7.998129116913283099e+01
5.821032177708709732e+00 7.999894178688141722e+01
5.888436553555895792e+00 8.001659605646183593e+01
5.956621435290109901e+00 8.003425397862945090e+01
6.025595860743581333e+00 8.005191555414006643e+01
6.095368972401693952e+00 8.006958078374952947e+01
6.165950018614822170e+00 8.008724966821387170e+01
6.237348354824191254e+00 8.010492220828932375e+01
6.309573444801929831e+00 8.012259840473205941e+01
6.382634861905482460e+00 8.013753699041686218e+01
6.456542290346562574e+00 8.015247794017429328e+01
6.531305526474729284e+00 8.016742150180854765e+01
6.606934480075964622e+00 8.018236767577609214e+01
6.683439175686149092e+00 8.019731646253373469e+01
6.760829753919819218e+00 8.021226786253807006e+01
6.839116472814292358e+00 8.022722187624609091e+01
6.918309709189363055e+00 8.024217850411454833e+01
6.998419960022730812e+00 8.025713774660057709e+01
7.079457843841387543e+00 8.027209960416111301e+01
7.161434102129026869e+00 8.028531039654892254e+01
7.244359600749906036e+00 8.029852318131852940e+01
7.328245331389044104e+00 8.031173800517032646e+01
7.413102413009177383e+00 8.032495486841916943e+01
7.498942093324558300e+00 8.033817377137962978e+01
7.585775750291835706e+00 8.035139471436663428e+01
7.673614893618185384e+00 8.036461769769486807e+01
7.762471166286911917e+00 8.037784272167935740e+01
7.852356346100726192e+00 8.039106978663487268e+01
7.943282347242821118e+00 8.040429889287655385e+01
8.035261221856176306e+00 8.041701055049200875e+01
8.128305161640994925e+00 8.042972404934732822e+01
8.222426499470712358e+00 8.044243943319087009e+01
8.317637711026709013e+00 8.045515670230224714e+01
8.413951416451947551e+00 8.046787585696085898e+01
8.511380382023759239e+00 8.048059689744638945e+01
8.609937521846015684e+00 8.049331982403829500e+01
8.709635899560813854e+00 8.050604463701640157e+01
8.810488730080146880e+00 8.051877133666022246e+01
8.912509381337459402e+00 8.053149992324964046e+01
9.015711376059570625e+00 8.054527996890418251e+01
9.120108393559096527e+00 8.055906223245618492e+01
9.225714271547628798e+00 8.057284670793315229e+01
9.332543007969904991e+00 8.058663339569017126e+01
9.440608762859245218e+00 8.060042229608227160e+01
9.549925860214369067e+00 8.061421340946458258e+01
9.660508789898141657e+00 8.062800673619224767e+01
9.772372209558112033e+00 8.064180227662056666e+01
9.885530946569391020e+00 8.065560003110468301e+01
1.000000000000000000e+01 8.066939999999999600e+01
1.011579454259898192e+01 8.068513520298262165e+01
1.023292992280753566e+01 8.070087328499897694e+01
1.035142166679345088e+01 8.071661424657582984e+01
1.047128548050900676e+01 8.073235808824006199e+01
1.059253725177289773e+01 8.074810541570569455e+01
1.071519305237607078e+01 8.076583660149987054e+01
1.083926914021203913e+01 8.078357143971084042e+01
1.096478196143185180e+01 8.080130993109108317e+01
1.109174815262400848e+01 8.081905207639306354e+01
1.122018454301962898e+01 8.083679787636943104e+01
1.135010815672314344e+01 8.085700924014773250e+01
1.148153621496884114e+01 8.087722563938822873e+01
1.161448613840343747e+01 8.089744678064764116e+01
1.174897554939530231e+01 8.091767266503833866e+01
1.188502227437018988e+01 8.093790377753575171e+01
1.202264434617413080e+01 8.096111226650837978e+01
1.216186000646367837e+01 8.098432699918016908e+01
1.230268770812381085e+01 8.100754797723082845e+01
1.244514611771384338e+01 8.103077520234047881e+01
1.258925411794168703e+01 8.105400996111841039e+01
1.273503081016662897e+01 8.108069197947746432e+01
1.288249551693134975e+01 8.110738223924589363e+01
1.303166778452300001e+01 8.113408074296911821e+01
1.318256738556407370e+01 8.116078749319355268e+01
1.333521432163323972e+01 8.118750285555427126e+01
1.348962882591653312e+01 8.121811968151972394e+01
1.364583136588923828e+01 8.124874734210926874e+01
1.380384264602886724e+01 8.127938584115689480e+01
1.396368361055939111e+01 8.131003518249816864e+01
1.412537544622755448e+01 8.134069536997002103e+01
1.428893958511103612e+01 8.137564581309479195e+01
1.445439770745928065e+01 8.141061099659779643e+01
1.462177174456718376e+01 8.144559028018622371e+01
1.479108388168207178e+01 8.148058366954603571e+01
1.496235656094432720e+01 8.151559117036543967e+01
1.513561248436207229e+01 8.155521721737687812e+01
1.531087461682031936e+01 8.159486250687521647e+01
1.548816618912482745e+01 8.163452588621650818e+01
1.566751070108150046e+01 8.167420736365501455e+01
1.584893192461114175e+01 8.171390780727880099e+01
1.603245390690041816e+01 8.175854230723966509e+01
1.621810097358929781e+01 8.180319969481199394e+01
1.640589773199538826e+01 8.184787998173207768e+01
1.659586907437559589e+01 8.189258317974220347e+01
1.678804018122562525e+01 8.193731037510841020e+01
1.698243652461745867e+01 8.198723086613976818e+01
1.717908387157589445e+01 8.203717991358180939e+01
1.737800828749376336e+01 8.208715753376969815e+01
1.757923613958693210e+01 8.213716374304823375e+01
1.778279410038922848e+01 8.218719855777153782e+01
1.798870915128787473e+01 8.224264794710272497e+01
1.819700858609982674e+01 8.229813262332170609e+01
1.840772001468958052e+01 8.235365245357326103e+01
1.862087136662869469e+01 8.240920746013030396e+01
1.883649089489802009e+01 8.246479766527980360e+01
1.905460717963248385e+01 8.252595392286232823e+01
1.927524913190936573e+01 8.258715301293122479e+01
1.949844599758045405e+01 8.264839473309103823e+01
1.972422736114853592e+01 8.270967911303722531e+01
1.995262314968878670e+01 8.277100675309385736e+01
2.018366363681559505e+01 8.283804277915810133e+01
2.041737944669531757e+01 8.290512981262234860e+01
2.065380155810531093e+01 8.297226789229776500e+01
2.089296130854040712e+01 8.303945705702531654e+01
2.113489039836647621e+01 8.310669734567522937e+01
2.137962089502232388e+01 8.317977746183088072e+01
2.162718523727020070e+01 8.325291819639924995e+01
2.187761623949552003e+01 8.332611937103401090e+01
2.213094709605636368e+01 8.339938103568007932e+01
2.238721138568342184e+01 8.347270349619944341e+01
2.264644307593061967e+01 8.355188362937423108e+01
2.290867652767774842e+01 8.363113436240632836e+01
2.317394649968479570e+01 8.371045575824506102e+01
2.344228815319922532e+01 8.378984787989583083e+01
2.371373705661655151e+01 8.386931157671699566e+01
2.398832919019490006e+01 8.395464372574271295e+01
2.426610095082414276e+01 8.404005750695503707e+01
2.454708915685033688e+01 8.412555299844646584e+01
2.483133105295572918e+01 8.421113027838451615e+01
2.511886431509581996e+01 8.429678942501118399e+01
2.540972705549306454e+01 8.438824716682623261e+01
2.570395782768864734e+01 8.447979894045579385e+01
2.600159563165272303e+01 8.457144413633565705e+01
2.630267991895381385e+01 8.466318284979676889e+01
2.660725059798808445e+01 8.475501608732554359e+01
2.691534803926914066e+01 8.485246358866281469e+01
2.722701308077915527e+01 8.495001650112426717e+01
2.754228703338169026e+01 8.504767493873529816e+01
2.786121168629772171e+01 8.514543901564488237e+01
2.818382931264455138e+01 8.524330932098850155e+01
2.851018267503909698e+01 8.534654738538061736e+01
2.884031503126605855e+01 8.544990312283981382e+01
2.917427014001166086e+01 8.555337666749250047e+01
2.951209226666383856e+01 8.565696815361793881e+01
2.985382618917963171e+01 8.576067771564849807e+01
3.019951720402019291e+01 8.586936027782537906e+01
3.054921113215515405e+01 8.597817355523285698e+01
3.090295432513591933e+01 8.608711666101173421e+01
3.126079367123955777e+01 8.619618975006430617e+01
3.162277660168379256e+01 8.630539297747739624e+01
3.198895109691397209e+01 8.641909425031175829e+01
3.235936569296281107e+01 8.653293688409381446e+01
3.273406948788386472e+01 8.664692077348982480e+01
3.311311214825914817e+01 8.676104609376935173e+01
3.349654391578279444e+01 8.687531344891608853e+01
3.388441561392027523e+01 8.699348971277680675e+01
3.427677865464504947e+01 8.711181743812163347e+01
3.467368504525316553e+01 8.723029681907212307e+01
3.507518739525679763e+01 8.734892804999888938e+01
3.548133892335753359e+01 8.746771161323934507e+01
3.589219346450050097e+01 8.758967059517328835e+01
3.630780547701017724e+01 8.771178986029606506e+01
3.672823004980850214e+01 8.783406961925798839e+01
3.715352290971728166e+01 8.795651008298618478e+01
3.758374042884442900e+01 8.807911167365743665e+01
3.801893963205612437e+01 8.820413515305430963e+01
3.845917820453535541e+01 8.832932596930366742e+01
3.890451449942804629e+01 8.845468434637622579e+01
3.935500754557772041e+01 8.858021050854277689e+01
3.981071705534977667e+01 8.870590473219223782e+01
4.027170343254594798e+01 8.883316154846605173e+01
4.073802778041130068e+01 8.896059057780280455e+01
4.120975190973304336e+01 8.908819205325360713e+01
4.168693834703355350e+01 8.921596620818490919e+01
4.216965034285822611e+01 8.934391332446305967e+01
4.265795188015925277e+01 8.947249884652836727e+01
4.315190768277650335e+01 8.960125901173012153e+01
4.365158322401665458e+01 8.973019405726630282e+01
4.415704473533129715e+01 8.985930422065705159e+01
4.466835921509634488e+01 8.998858973974506625e+01
4.518559443749226290e+01 9.011762323475934977e+01
4.570881896148751622e+01 9.024683136851260201e+01
4.623810213992603479e+01 9.037621441132905886e+01
4.677351412871981040e+01 9.050577259998331670e+01
4.731512589614802522e+01 9.063550610633276960e+01
4.786300923226380633e+01 9.076404115591175525e+01
4.841723675840999164e+01 9.089274836289980897e+01
4.897788193684466052e+01 9.102162795788122196e+01
4.954501908047905090e+01 9.115068017174938575e+01
5.011872336272725192e+01 9.127990514704259795e+01
5.069907082747044313e+01 9.140711055760500869e+01
5.128613839913648320e+01 9.153448345754352999e+01
5.188000389289609160e+01 9.166202406738865704e+01
5.248074602497722907e+01 9.178973260796155387e+01
5.308844442309889899e+01 9.191760907917507950e+01
5.370317963702532893e+01 9.204260678182862421e+01
5.432503314924336024e+01 9.216776515008095316e+01
5.495408738576248453e+01 9.229308439044319812e+01
5.559042572704036900e+01 9.241856470969221959e+01
5.623413251903490817e+01 9.254420612546525149e+01
5.688529308438413068e+01 9.266623359590968789e+01
5.754399373371566639e+01 9.278841320682150240e+01
5.821032177708721633e+01 9.291074514788539318e+01
5.888436553555895614e+01 9.303322960902218597e+01
5.956621435290109190e+01 9.315586678038985724e+01
6.025595860743580801e+01 9.327425056770900369e+01
6.095368972401693952e+01 9.339277546160737131e+01
6.165950018614822170e+01 9.351144282481267567e+01
6.237348354824191432e+01 9.363025282857587683e+01
6.309573444801930009e+01 9.374920541034246924e+01
6.382634861905482637e+01 9.386336072959839782e+01
6.456542290346563107e+01 9.397764757363893295e+01
6.531305526474729106e+01 9.409206609400114019e+01
6.606934480075963734e+01 9.420661644239690702e+01
6.683439175686149269e+01 9.432129877071264445e+01
6.760829753919819041e+01 9.443069801738062097e+01
6.839116472814292536e+01 9.454021730611509611e+01
6.918309709189362877e+01 9.464985682671169798e+01
6.998419960022731345e+01 9.475961671116269258e+01
7.079457843841387898e+01 9.486949709160528244e+01
7.161434102129027224e+01 9.497388059121018955e+01
7.244359600749905326e+01 9.507837268372351502e+01
7.328245331389044281e+01 9.518297363087832252e+01
7.413102413009177383e+01 9.528768354607404945e+01
7.498942093324558300e+01 9.539250239453548375e+01
7.585775750291836061e+01 9.549130838390006204e+01
7.673614893618186272e+01 9.559021129872667188e+01
7.762471166286927371e+01 9.568921123409585050e+01
7.852356346100725659e+01 9.578830828518168516e+01
7.943282347242821118e+01 9.588750239687395549e+01
8.035261221856177372e+01 9.598092956060447989e+01
8.128305161640994925e+01 9.607444296032785758e+01
8.222426499470712713e+01 9.616804267564225484e+01
8.317637711026708303e+01 9.626172878621954965e+01
8.413951416451946841e+01 9.635550128107081491e+01
8.511380382023759239e+01 9.644314969108737046e+01
8.609937521846016750e+01 9.653087364978989626e+01
8.709635899560814210e+01 9.661867322229771560e+01
8.810488730080146524e+01 9.670654847378624197e+01
8.912509381337459047e+01 9.679449946948710704e+01
9.015711376059570625e+01 9.687636805305145060e+01
9.120108393559097237e+01 9.695830222946948140e+01
9.225714271547629153e+01 9.704030208845260574e+01
9.332543007969904636e+01 9.712236768265519515e+01
9.440608762859245928e+01 9.720449906477411162e+01
9.549925860214368356e+01 9.728098510920541742e+01
9.660508789898140947e+01 9.735752814339336680e+01
9.772372209558110967e+01 9.743412827485533967e+01
9.885530946569390665e+01 9.751078554618312921e+01
1.000000000000000000e+02 9.758750000000003411e+01
1.011579454259898228e+02 9.765820711138377419e+01
1.023292992280753566e+02 9.772896280023307725e+01
1.035142166679345195e+02 9.779976709992180872e+01
1.047128548050900605e+02 9.787062004384668512e+01
1.059253725177289738e+02 9.794152000507618538e+01
1.071519305237606972e+02 9.800703126409825927e+01
1.083926914021203913e+02 9.807258408060171462e+01
1.096478196143185073e+02 9.813817848094899432e+01
1.109174815262400955e+02 9.820381449151898323e+01
1.122018454301963004e+02 9.826949213870729238e+01
1.135010815672314379e+02 9.832982588288223269e+01
1.148153621496884114e+02 9.839019411888888555e+01
1.161448613840343853e+02 9.845059751129582537e+01
1.174897554939530266e+02 9.851103608057701422e+01
1.188502227437018917e+02 9.857150903926041963e+01
1.202264434617413116e+02 9.862705197420424952e+01
1.216186000646367944e+02 9.868262460075519016e+01
1.230268770812381121e+02 9.873822693478531676e+01
1.244514611771384409e+02 9.879385899217547262e+01
1.258925411794168809e+02 9.884951901828848975e+01
1.273503081016663003e+02 9.890046631321499149e+01
1.288249551693134833e+02 9.895143852296570230e+01
1.303166778452300036e+02 9.900243565972476745e+01
1.318256738556407299e+02 9.905345773568225809e+01
1.333521432163323936e+02 9.910450432336514837e+01
1.348962882591653170e+02 9.915086088434155442e+01
1.364583136588923935e+02 9.919723802204659080e+01
1.380384264602886617e+02 9.924363574561378698e+01
1.396368361055939147e+02 9.929005406418094992e+01
1.412537544622755377e+02 9.933649298688970930e+01
1.428893958511103790e+02 9.937885843445315004e+01
1.445439770745927888e+02 9.942124041155629754e+01
1.462177174456718376e+02 9.946363954311459565e+01
1.479108388168207284e+02 9.950605583607126903e+01
1.496235656094432898e+02 9.954848929737271135e+01
1.513561248436207052e+02 9.958706518507395344e+01
1.531087461682031972e+02 9.962565428381525123e+01
1.548816618912482852e+02 9.966425757578099365e+01
1.566751070108150259e+02 9.970287506619132500e+01
1.584893192461114211e+02 9.974150615350303895e+01
1.603245390690041745e+02 9.977668282637155528e+01
1.621810097358929852e+02 9.981187127590979458e+01
1.640589773199538683e+02 9.984707150606043058e+01
1.659586907437559660e+02 9.988228352076745864e+01
1.678804018122562240e+02 9.991750660566795261e+01
1.698243652461746080e+02 9.994928590402300017e+01
1.717908387157589516e+02 9.998107479803545061e+01
1.737800828749376194e+02 1.000128732906024993e+02
1.757923613958693068e+02 1.000446813846224785e+02
1.778279410038922776e+02 1.000764990829946299e+02
1.798870915128787260e+02 1.001052807150220616e+02
1.819700858609982674e+02 1.001340701181526072e+02
1.840772001468958194e+02 1.001628673822741575e+02
1.862087136662869398e+02 1.001916725095333476e+02
1.883649089489802009e+02 1.002204855020770253e+02
1.905460717963248385e+02 1.002464772624213794e+02
1.927524913190936502e+02 1.002724739988143625e+02
1.949844599758045547e+02 1.002984771365111243e+02
1.972422736114853308e+02 1.003244866770878758e+02
1.995262314968878741e+02 1.003505023769343580e+02
2.018366363681559790e+02 1.003740911824433937e+02
2.041737944669531544e+02 1.003976852531536821e+02
2.065380155810531164e+02 1.004212845902404467e+02
2.089296130854040712e+02 1.004448891948791811e+02
2.113489039836647692e+02 1.004684990682455634e+02
2.137962089502232459e+02 1.004896893827660875e+02
2.162718523727019999e+02 1.005108838457551315e+02
2.187761623949551790e+02 1.005320825537306462e+02
2.213094709605636581e+02 1.005532855075426397e+02
2.238721138568342326e+02 1.005744927080416034e+02
2.264644307593061967e+02 1.005934884769330466e+02
2.290867652767774700e+02 1.006124868908608931e+02
2.317394649968479712e+02 1.006314887123239430e+02
2.344228815319922603e+02 1.006504939419335045e+02
2.371373705661655151e+02 1.006695023335130372e+02
2.398832919019489793e+02 1.006866958635876301e+02
2.426610095082414205e+02 1.007038921825062658e+02
2.454708915685033617e+02 1.007210912907214180e+02
2.483133105295572989e+02 1.007382931886853328e+02
2.511886431509582280e+02 1.007554978768505833e+02
2.540972705549306454e+02 1.007710943895912550e+02
2.570395782768864592e+02 1.007866929964565230e+02
2.600159563165271948e+02 1.008022938965629720e+02
2.630267991895381670e+02 1.008178970902475555e+02
2.660725059798808729e+02 1.008335022786596937e+02
2.691534803926913924e+02 1.008472984861862898e+02
2.722701308077915314e+02 1.008610964865553683e+02
2.754228703338168884e+02 1.008748962800000015e+02
2.786121168629772455e+02 1.008886978667532901e+02
2.818382931264454783e+02 1.009025011379157633e+02
2.851018267503909556e+02 1.009150981145829888e+02
2.884031503126605571e+02 1.009276965849839769e+02
2.917427014001165730e+02 1.009402965492958657e+02
2.951209226666384211e+02 1.009528980076957936e+02
2.985382618917963100e+02 1.009655008531548077e+02
3.019951720402019077e+02 1.009766981792049592e+02
3.054921113215515334e+02 1.009878966847926307e+02
3.090295432513592004e+02 1.009990963700418831e+02
3.126079367123955990e+02 1.010102972350770756e+02
3.162277660168379612e+02 1.010214992800224820e+02
3.198895109691397352e+02 1.010314973151001965e+02
3.235936569296280823e+02 1.010414962126145184e+02
3.273406948788386330e+02 1.010514960501069908e+02
3.311311214825914249e+02 1.010614968276659482e+02
3.349654391578279160e+02 1.010714985453798676e+02
3.388441561392027666e+02 1.010804976023430584e+02
3.427677865464504521e+02 1.010894972744239055e+02
3.467368504525316553e+02 1.010984977076488036e+02
3.507518739525679621e+02 1.011074989020821135e+02
3.548133892335753217e+02 1.011165007811146239e+02
3.589219346450049670e+02 1.011246987572061755e+02
3.630780547701017440e+02 1.011328973646619005e+02
3.672823004980849646e+02 1.011410966035302152e+02
3.715352290971727598e+02 1.011492964738599625e+02
3.758374042884443043e+02 1.011574969756995728e+02
3.801893963205612863e+02 1.011646969560179343e+02
3.845917820453535114e+02 1.011718970537840789e+02
3.890451449942804629e+02 1.011790976383459508e+02
3.935500754557772325e+02 1.011862987097364766e+02
3.981071705534977241e+02 1.011935002381099906e+02
4.027170343254595082e+02 1.011998992907049626e+02
4.073802778041130068e+02 1.012062987277003714e+02
4.120975190973304052e+02 1.012126985491193381e+02
4.168693834703354923e+02 1.012190987549849410e+02
4.216965034285822753e+02 1.012254993453202871e+02
4.265795188015925419e+02 1.012312985766437095e+02
4.315190768277649909e+02 1.012370980620294176e+02
4.365158322401665600e+02 1.012428978630444618e+02
4.415704473533129999e+02 1.012486979797061366e+02
4.466835921509634773e+02 1.012544984120314098e+02
4.518559443749226148e+02 1.012596982124256044e+02
4.570881896148752048e+02 1.012648981019265619e+02
4.623810213992603622e+02 1.012700982450986942e+02
4.677351412871981324e+02 1.012752986419541799e+02
4.731512589614802664e+02 1.012804992925055956e+02
4.786300923226380064e+02 1.012852990843386038e+02
4.841723675840999022e+02 1.012900990376899841e+02
4.897788193684466478e+02 1.012948992071403183e+02
4.954501908047905658e+02 1.012996995926992270e+02
5.011872336272724624e+02 1.013045001619422436e+02
5.069907082747044456e+02 1.013084998876455245e+02
5.128613839913648462e+02 1.013124997633728697e+02
5.188000389289609302e+02 1.013164997891297077e+02
5.248074602497722481e+02 1.013204999649218792e+02
5.308844442309889473e+02 1.013245002761635476e+02
5.370317963702532325e+02 1.013282999883596602e+02
5.432503314924335882e+02 1.013320998359249927e+02
5.495408738576247742e+02 1.013358998188645330e+02
5.559042572704037184e+02 1.013396999371830276e+02
5.623413251903490391e+02 1.013435001707630363e+02
5.688529308438413636e+02 1.013468999341315708e+02
5.754399373371566071e+02 1.013502998058525719e+02
5.821032177708722202e+02 1.013536997859294075e+02
5.888436553555895898e+02 1.013570998743657015e+02
5.956621435290109048e+02 1.013605000585984186e+02
6.025595860743580943e+02 1.013632999264804369e+02
6.095368972401693100e+02 1.013660998678387557e+02
6.165950018614821602e+02 1.013688998826752226e+02
6.237348354824191574e+02 1.013716999709919264e+02
6.309573444801930009e+02 1.013745001327710042e+02
6.382634861905495427e+02 1.013772999532850463e+02
6.456542290346562822e+02 1.013800998472632671e+02
6.531305526474729959e+02 1.013828998147075993e+02
6.606934480075964302e+02 1.013856998556199471e+02
6.683439175686148701e+02 1.013884999700022576e+02
6.760829753919819041e+02 1.013908998587946542e+02
6.839116472814292820e+02 1.013932997972670904e+02
6.918309709189362593e+02 1.013956997897090702e+02
6.998419960022730493e+02 1.013980998361218013e+02
7.079457843841387330e+02 1.014004999365064918e+02
7.161434102129027224e+02 1.014024998924218721e+02
7.244359600749905894e+02 1.014044998752256816e+02
7.328245331389044850e+02 1.014064998955054335e+02
7.413102413009177099e+02 1.014084999532619378e+02
7.498942093324558300e+02 1.014105000484909738e+02
7.585775750291835493e+02 1.014124999741163435e+02
7.673614893618185988e+02 1.014144999372129092e+02
7.762471166286927655e+02 1.014164999377811824e+02
7.852356346100725659e+02 1.014184999758220584e+02
7.943282347242821970e+02 1.014205000410636046e+02
8.035261221856177372e+02 1.014220999235062237e+02
8.128305161640995493e+02 1.014236998299263490e+02
8.222426499470711860e+02 1.014252997603243642e+02
8.317637711026708303e+02 1.014268997147005962e+02
8.413951416451947125e+02 1.014284996930554286e+02
8.511380382023776292e+02 1.014300996421921184e+02
8.609937521846015898e+02 1.014316996152962815e+02
8.709635899560814778e+02 1.014332996123785193e+02
8.810488730080146524e+02 1.014348996334392865e+02
8.912509381337458763e+02 1.014364996784787536e+02
9.015711376059570057e+02 1.014376997773845375e+02
9.120108393559096385e+02 1.014388998093914580e+02
9.225714271547628869e+02 1.014400998548862702e+02
9.332543007969904920e+02 1.014412999138691163e+02
9.440608762859245644e+02 1.014424999863401524e+02
9.549925860214368640e+02 1.014438999505399579e+02
9.660508789898141231e+02 1.014452999353706275e+02
9.772372209558111535e+02 1.014466999385573729e+02
9.885530946569390380e+02 1.014480999601004072e+02
1.000000000000000000e+03 1.014495000000000005e+02
1.011579454259900331e+03 1.014505000423663574e+02
1.023292992280753651e+03 1.014515000940985772e+02
1.035142166679345110e+03 1.014525001551967165e+02
1.047128548050898416e+03 1.014535002256609744e+02
1.059253725177289652e+03 1.014545003054322478e+02
1.071519305237604840e+03 1.014555002016903131e+02
1.083926914021203856e+03 1.014565001073110579e+02
1.096478196143187233e+03 1.014575000222946386e+02
1.109174815262400898e+03 1.014584999466409840e+02
1.122018454301965221e+03 1.014594998803502506e+02
1.135010815672314266e+03 1.014602999374772025e+02
1.148153621496884170e+03 1.014610999766773034e+02
1.161448613840341523e+03 1.014619000218710170e+02
1.174897554939530210e+03 1.014627000730584854e+02
1.188502227437016472e+03 1.014635001302147970e+02
1.202264434617413144e+03 1.014643000415430265e+02
1.216186000646370303e+03 1.014650999588626945e+02
1.230268770812381035e+03 1.014658998821739004e+02
1.244514611771386853e+03 1.014666998114768290e+02
1.258925411794166166e+03 1.014674997467713098e+02
1.273503081016662918e+03 1.014680998524932534e+02
1.288249551693132389e+03 1.014686998983067951e+02
1.303166778452299923e+03 1.014692999474917627e+02
1.318256738556410028e+03 1.014699000000480993e+02
1.333521432163324107e+03 1.014705000559669088e+02
1.348962882591656125e+03 1.014711000199153119e+02
1.364583136588923935e+03 1.014716999872340750e+02
1.380384264602886560e+03 1.014722999579230986e+02
1.396368361055936248e+03 1.014728999319826102e+02
1.412537544622755377e+03 1.014734999094125243e+02
1.428893958511100664e+03 1.014740999601849296e+02
1.445439770745927945e+03 1.014747000143391773e+02
1.462177174456721332e+03 1.014753000718645950e+02
1.479108388168207284e+03 1.014759001327612680e+02
1.496235656094435853e+03 1.014765001969988703e+02
1.513561248436207279e+03 1.014771001718533654e+02
1.531087461682031972e+03 1.014777001500782347e+02
1.548816618912479498e+03 1.014783001316734072e+02
1.566751070108150088e+03 1.014789001166387976e+02
1.584893192461110857e+03 1.014795000699768224e+02
1.603245390690041859e+03 1.014799000282288262e+02
1.621810097358933263e+03 1.014802999879784977e+02
1.640589773199538740e+03 1.014806999492258512e+02
1.659586907437563013e+03 1.014810999119708868e+02
1.678804018122559000e+03 1.014814998762136184e+02
1.698243652461746024e+03 1.014818998956558573e+02
1.717908387157585821e+03 1.014822999166129023e+02
1.737800828749376251e+03 1.014826999390680555e+02
1.757923613958696706e+03 1.014830999630213171e+02
1.778279410038922833e+03 1.014834999884727154e+02
1.798870915128791012e+03 1.014838999844242267e+02
1.819700858609982561e+03 1.014842999818726952e+02
1.840772001468958251e+03 1.014846999808191725e+02
1.862087136662865532e+03 1.014850999812634598e+02
1.883649089489802009e+03 1.014854999832057558e+02
1.905460717963244406e+03 1.014856999965644064e+02
1.927524913190936559e+03 1.014859000019005464e+02
1.949844599758049526e+03 1.014861000076111992e+02
1.972422736114853478e+03 1.014863000136963223e+02
1.995262314968882947e+03 1.014865000201546366e+02
2.018366363681559733e+03 1.014867000137964226e+02
2.041737944669531771e+03 1.014869000078127499e+02
2.065380155810526958e+03 1.014871000022034480e+02
2.089296130854040712e+03 1.014872999969685878e+02
2.113489039836643315e+03 1.014874999921081695e+02
2.137962089502232629e+03 1.014878999879109500e+02
2.162718523727024603e+03 1.014882999931038654e+02
2.187761623949551904e+03 1.014886999997947896e+02
2.213094709605641128e+03 1.014891000079836232e+02
2.238721138568337665e+03 1.014895000088350372e+02
2.264644307593061967e+03 1.014897000117484964e+02
2.290867652767769869e+03 1.014899000150363406e+02
2.317394649968479825e+03 1.014901000186987545e+02
2.344228815319927435e+03 1.014903000227355392e+02
2.371373705661655094e+03 1.014905000271447193e+02
2.398832919019494966e+03 1.014907000160313686e+02
2.426610095082414318e+03 1.014909000052924455e+02
2.454708915685033389e+03 1.014910999949279358e+02
2.483133105295567930e+03 1.014912999849377542e+02
2.511886431509582053e+03 1.014914999753220854e+02
2.540972705549301281e+03 1.014916999861141420e+02
2.570395782768864592e+03 1.014918999972831699e+02
2.600159563165277632e+03 1.014921000088267817e+02
2.630267991895381329e+03 1.014923000207447927e+02
2.660725059798814073e+03 1.014925000330305664e+02
2.691534803926913810e+03 1.014927000046371148e+02
2.722701308077915655e+03 1.014928999766180908e+02
2.754228703338163086e+03 1.014930999489734091e+02
2.786121168629772001e+03 1.014932999217030840e+02
2.818382931264449326e+03 1.014934998948071012e+02
2.851018267503909556e+03 1.014934999999999548e+02
2.884031503126611824e+03 1.014934999999999548e+02
2.917427014001165844e+03 1.014934999999999548e+02
2.951209226666389895e+03 1.014934999999999548e+02
2.985382618917957188e+03 1.014935000152388085e+02
3.019951720402018964e+03 1.014937000088714854e+02
3.054921113215509195e+03 1.014939000028785898e+02
3.090295432513592004e+03 1.014940999972602214e+02
3.126079367123962129e+03 1.014942999920161810e+02
3.162277660168379498e+03 1.014944999871465541e+02
3.198895109691403832e+03 1.014945000000000022e+02
3.235936569296281050e+03 1.014945000000000022e+02
3.273406948788386217e+03 1.014945000000000022e+02
3.311311214825907882e+03 1.014945000000000022e+02
3.349654391578279501e+03 1.014945000000000022e+02
3.388441561392020503e+03 1.014946999700017045e+02
3.427677865464504521e+03 1.014948999694637735e+02
3.467368504525323715e+03 1.014950999693002842e+02
3.507518739525679393e+03 1.014952999695112368e+02
3.548133892335760265e+03 1.014954999700966312e+02
3.589219346450049670e+03 1.014955000000000354e+02
3.630780547701017440e+03 1.014955000000000354e+02
3.672823004980842597e+03 1.014955000000000354e+02
3.715352290971727598e+03 1.014955000000000354e+02
3.758374042884450773e+03 1.014955000186865703e+02
3.801893963205612636e+03 1.014957000156888398e+02
3.845917820453543300e+03 1.014959000130655369e+02
3.890451449942804629e+03 1.014961000108166616e+02
3.935500754557780510e+03 1.014963000089422138e+02
3.981071705534969169e+03 1.014964999999999975e+02
4.027170343254595082e+03 1.014964999999999975e+02
4.073802778041122110e+03 1.014964999999999975e+02
4.120975190973304052e+03 1.014964999999999975e+02
4.168693834703363791e+03 1.014964999999999975e+02
4.216965034285822185e+03 1.014964999999999975e+02
4.265795188015934400e+03 1.014966999797138101e+02
4.315190768277650022e+03 1.014968999802582346e+02
4.365158322401665828e+03 1.014970999811771719e+02
4.415704473533121018e+03 1.014972999824705653e+02
4.466835921509635227e+03 1.014974999841383010e+02
4.518559443749217280e+03 1.014974999999999596e+02
4.570881896148751366e+03 1.014974999999999596e+02
4.623810213992613171e+03 1.014974999999999596e+02
4.677351412871980756e+03 1.014974999999999596e+02
4.731512589614812896e+03 1.014974999999999596e+02
4.786300923226380291e+03 1.014974999999999596e+02
4.841723675840999022e+03 1.014974999999999596e+02
4.897788193684456019e+03 1.014974999999999596e+02
4.954501908047905090e+03 1.014974999999999596e+02
5.011872336272735083e+03 1.014974999999999596e+02
5.069907082747044115e+03 1.014974999999999596e+02
5.128613839913658921e+03 1.014974999999999596e+02
5.188000389289609302e+03 1.014974999999999596e+02
5.248074602497733395e+03 1.014974999999999596e+02
5.308844442309879014e+03 1.014975000145351771e+02
5.370317963702532325e+03 1.014977000005324896e+02
5.432503314924325423e+03 1.014978999869040877e+02
5.495408738576248652e+03 1.014980999736500706e+02
5.559042572704048325e+03 1.014982999607704386e+02
5.623413251903491073e+03 1.014984999482651915e+02
5.688529308438424778e+03 1.014984999999999786e+02
5.754399373371566071e+03 1.014984999999999786e+02
5.821032177708721974e+03 1.014984999999999786e+02
5.888436553555883620e+03 1.014984999999999786e+02
5.956621435290109730e+03 1.014984999999999786e+02
6.025595860743568664e+03 1.014984999999999786e+02
6.095368972401694009e+03 1.014984999999999786e+02
6.165950018614834335e+03 1.014984999999999786e+02
6.237348354824191119e+03 1.014984999999999786e+02
6.309573444801942969e+03 1.014984999999999786e+02
6.382634861905482467e+03 1.014984999999999786e+02
6.456542290346562368e+03 1.014984999999999786e+02
6.531305526474716316e+03 1.014984999999999786e+02
6.606934480075964530e+03 1.014984999999999786e+02
6.683439175686162343e+03 1.014984999999999786e+02
6.760829753919818359e+03 1.014984999999999786e+02
6.839116472814306690e+03 1.014984999999999786e+02
6.918309709189362366e+03 1.014984999999999786e+02
6.998419960022745727e+03 1.014984999999999786e+02
7.079457843841373688e+03 1.014984999999999786e+02
7.161434102129027451e+03 1.014984999999999786e+02
7.244359600749890888e+03 1.014984999999999786e+02
7.328245331389044622e+03 1.014984999999999786e+02
7.413102413009191878e+03 1.014984999999999786e+02
7.498942093324558300e+03 1.014984999999999786e+02
7.585775750291851182e+03 1.014984999999999786e+02
7.673614893618185306e+03 1.014984999999999786e+02
7.762471166286927655e+03 1.014984999999999786e+02
7.852356346100709743e+03 1.014984999999999786e+02
7.943282347242821743e+03 1.014985000051333515e+02
8.035261221856160773e+03 1.014987000039427301e+02
8.128305161640994811e+03 1.014989000031265505e+02
8.222426499470728231e+03 1.014991000026847843e+02
8.317637711026709439e+03 1.014993000026174599e+02
8.413951416451964178e+03 1.015000000000000000e+02
8.511380382023759012e+03 1.015000000000000000e+02
8.609937521846015443e+03 1.015000000000000000e+02
8.709635899560797043e+03 1.015000000000000000e+02
8.810488730080147434e+03 1.015000000000000000e+02
8.912509381337476952e+03 1.015000000000000000e+02
9.015711376059571194e+03 1.015000000000000000e+02
9.120108393559115939e+03 1.015000000000000000e+02
9.225714271547629323e+03 1.015000000000000000e+02
9.332543007969923565e+03 1.015000000000000000e+02
9.440608762859226772e+03 1.015000000000000000e+02
9.549925860214369095e+03 1.015000000000000000e+02
9.660508789898121904e+03 1.015000000000000000e+02
9.772372209558112445e+03 1.015000000000000000e+02
9.885530946569411753e+03 1.015000000000000000e+02
1.000000000000000000e+04 1.015000000000000000e+02
